65480 30 29 30 1 0 0
65481 30 29 30 1 0 0
65481 30 29 30 1 0 0
65480 30 29 30 1 0 0
65481 30 29 30 1 0 0
65481 30 29 30 1 0 0
65480 30 29 30 1 0 0
65481 30 29 30 1 0 0
65480 30 29 30 1 0 0
65481 30 30 30 1 0 0
65480 30 29 30 1 0 0
65481 30 29 30 1 0 0
65481 30 29 30 1 0 0
65480 30 29 30 1 0 0
65481 30 29 30 1 0 0
65481 30 29 30 1 0 0
65480 30 29 30 1 0 0
65481 30 29 30 1 0 0
65481 30 29 30 1 0 0
65481 30 30 30 1 0 0
65479 30 29 30 1 0 0
65481 30 29 30 1 0 0
65481 30 29 30 1 0 0
65480 30 29 30 1 0 0
65481 30 29 30 1 0 0
65481 30 29 50 1 0 0
65480 30 26 50 1 2000 2000
65481 31 30 50 1 2000 2000
65480 33 32 50 1 1900 1900
65480 35 35 50 1 1700 1700
65479 37 38 50 1 1500 1500
65479 40 40 50 1 1200 1200
65479 43 43 50 1 1000 1000
65478 45 44 50 1 700 700
65479 48 45 50 1 500 500
65479 51 47 50 1 200 200
65477 54 53 50 1 -100 -100
65478 55 55 50 1 -400 -400
65477 55 55 50 1 -500 -500
65478 54 53 50 1 -500 -500
65478 53 52 50 1 -400 -400
65478 51 49 50 1 -300 -300
65478 48 47 50 1 -100 -100
65479 46 46 50 1 200 200
65478 45 45 50 1 400 400
65479 45 45 50 1 500 500
65479 46 45 50 1 500 500
65478 48 48 50 1 400 400
65479 50 48 50 1 200 200
65478 52 51 50 1 0 0
65480 53 7 50 1 -200 -200
65481 54 6 50 1 -300 -300
65478 53 52 50 1 -400 -400
65477 52 50 50 1 -300 -300
65479 50 48 50 1 -200 -200
65479 48 44 50 1 0 0
65478 46 46 50 1 200 200
65479 46 42 50 1 400 400
65478 47 43 50 1 400 400
65479 49 47 50 1 300 300
65478 51 49 50 1 100 100
65478 52 50 50 1 -100 -100
65478 53 51 50 1 -200 -200
65478 52 51 50 1 -300 -300
65478 52 49 50 1 -200 -200
65478 50 49 50 1 -200 -200
65479 48 46 50 1 0 0
65478 48 45 50 1 200 200
65479 47 45 50 1 200 200
65479 48 46 50 1 300 300
65477 50 48 50 1 200 200
65479 51 49 50 1 0 0
65478 52 50 50 1 -100 -100
65478 52 51 50 1 -200 -200
65478 52 50 50 1 -200 -200
65478 51 49 50 1 -200 -200
65478 50 47 50 1 -100 -100
65479 48 46 50 1 0 0
65478 47 45 50 1 200 200
65479 47 45 50 1 300 300
65479 48 46 50 1 300 300
65478 49 48 50 1 200 200
65478 51 49 50 1 100 100
65478 53 51 50 1 -100 -100
65478 53 51 50 1 -300 -300
65478 53 50 50 1 -300 -300
65478 51 49 50 1 -300 -300
65478 50 47 50 1 -100 -100
65479 48 45 50 1 0 0
65479 47 44 50 1 200 200
65478 46 44 50 1 300 300
65479 47 45 50 1 400 400
65478 49 47 50 1 300 300
65478 50 48 50 1 100 100
65479 52 50 50 1 0 0
65477 53 51 50 1 -200 -200
65479 53 50 50 1 -300 -300
65478 53 50 50 1 -300 -300
65477 51 48 50 1 -300 -300
65479 50 46 50 1 -100 -100
65479 48 45 50 1 0 0
65478 46 44 50 1 200 200
65479 45 43 50 1 400 400
65479 46 44 50 1 500 500
65478 47 44 50 1 400 400
65479 49 46 50 1 300 300
65479 51 49 50 1 100 100
65477 53 50 50 1 -100 -100
65478 54 51 50 1 -300 -300
65477 54 50 50 1 -400 -400
65479 53 49 50 1 -400 -400
65478 51 47 50 1 -300 -300
65478 49 45 50 1 -100 -100
65479 47 43 50 1 100 100
65479 47 43 50 1 300 300
65478 47 44 50 1 300 300
65479 48 44 50 1 300 300
65479 49 46 50 1 200 200
65477 51 47 50 1 100 100
65479 53 49 50 1 -100 -100
65478 53 49 50 1 -300 -300
65478 53 48 50 1 -300 -300
65478 52 47 50 1 -300 -300
65479 50 46 50 1 -200 -200
65478 49 44 50 1 0 0
65479 47 43 50 1 100 100
65479 47 42 50 1 300 300
65478 47 43 50 1 300 300
65479 48 44 50 1 300 300
65479 50 46 50 1 200 200
65477 51 47 50 1 0 0
65479 52 48 50 1 -100 -100
65477 53 48 50 1 -200 -200
65479 52 48 50 1 -300 -300
65478 51 47 50 1 -200 -200
65478 50 45 50 1 -100 -100
65479 48 44 50 1 0 0
65479 47 43 50 1 200 200
65478 47 44 50 1 300 300
65479 48 44 50 1 300 300
65479 49 45 50 1 200 200
65478 50 46 50 1 100 100
65478 51 49 50 1 0 0
65479 53 49 50 1 -100 -100
65477 53 49 50 1 -300 -300
65479 52 49 50 1 -300 -300
65478 51 47 50 1 -200 -200
65478 49 45 50 1 -100 -100
65479 48 45 50 1 100 100
65478 47 44 50 1 200 200
65479 47 44 50 1 300 300
65479 48 45 50 1 300 300
65478 49 46 50 1 200 200
65478 51 48 50 1 100 100
65479 52 49 50 1 -100 -100
65477 53 50 50 1 -200 -200
65478 53 50 50 1 -300 -300
65479 51 48 50 1 -300 -300
65477 50 46 50 1 -100 -100
65479 48 45 50 1 0 0
65479 47 45 50 1 200 200
65478 47 44 50 1 300 300
65479 48 44 50 1 300 300
65479 49 46 50 1 200 200
65478 50 47 50 1 100 100
65478 51 48 50 1 0 0
65479 52 49 50 1 -100 -100
65477 53 49 50 1 -200 -200
65479 52 49 50 1 -300 -300
65477 50 47 50 1 -200 -200
65479 49 46 50 1 0 0
65479 49 46 50 1 100 100
65478 48 45 50 1 100 100
65479 48 46 50 1 200 200
65478 49 46 50 1 200 200
65478 50 47 50 1 100 100
65478 52 49 50 1 0 0
65479 52 49 50 1 -200 -200
65478 52 48 50 1 -200 -200
65478 51 48 50 1 -200 -200
65479 49 46 50 1 -100 -100
65478 48 45 50 1 100 100
65479 48 45 50 1 200 200
65478 48 46 50 1 200 200
65478 49 46 50 1 200 200
65479 50 48 50 1 100 100
65477 51 49 50 1 0 0
65479 52 50 50 1 -100 -100
65478 52 49 50 1 -200 -200
65478 52 49 50 1 -200 -200
65478 50 48 50 1 -200 -200
65479 49 47 50 1 0 0
65478 48 45 50 1 100 100
65479 48 45 50 1 200 200
65479 48 46 30 1 200 200
65477 49 46 30 1 -1800 -1800
65479 49 45 30 1 -1900 -1900
65479 47 44 30 1 -1900 -1900
65478 46 43 30 1 -1700 -1700
65479 44 40 30 1 -1600 -1600
65480 42 38 30 1 -1400 -1400
65479 39 36 30 1 -1200 -1200
65480 37 33 30 1 -900 -900
65480 34 30 30 1 -700 -700
65480 31 27 30 1 -400 -400
65481 28 24 30 1 -100 -100
65481 26 22 30 1 200 200
65481 24 20 30 1 400 400
65481 24 21 30 1 600 600
65482 25 21 30 1 600 600
65481 26 23 30 1 500 500
65481 28 25 30 1 400 400
65480 30 27 30 1 200 200
65481 31 29 30 1 0 0
65480 33 30 30 1 -100 -100
65480 34 30 30 1 -300 -300
65481 34 31 30 1 -400 -400
65479 33 30 30 1 -400 -400
65481 32 29 30 1 -300 -300
65481 30 26 30 1 -200 -200
65481 28 24 30 1 0 0
65480 27 23 30 1 200 200
65482 26 22 30 1 300 300
65481 27 23 30 1 400 400
65480 28 24 30 1 300 300
65481 30 26 30 1 200 200
65481 31 28 30 1 0 0
65481 32 29 30 1 -100 -100
65480 32 29 30 1 -200 -200
65480 32 28 30 1 -200 -200
65481 32 28 30 1 -200 -200
65480 31 27 30 1 -200 -200
65481 30 25 30 1 -100 -100
65481 28 25 30 1 0 0
65480 28 23 30 1 200 200
65481 28 24 30 1 200 200
65482 28 24 30 1 200 200
65481 29 25 30 1 200 200
65480 31 26 30 1 100 100
65480 31 27 30 1 -100 -100
65481 32 28 30 1 -100 -100
65480 31 27 30 1 -200 -200
65481 31 26 30 1 -100 -100
65481 30 26 30 1 -100 -100
65481 30 25 30 1 0 0
65480 29 25 30 1 0 0
65481 29 25 30 1 100 100
65481 29 25 30 1 100 100
65480 30 25 30 1 100 100
65481 30 26 30 1 0 0
65481 30 26 30 1 0 0
65480 30 26 30 1 0 0
65482 30 26 30 1 0 0
65481 30 26 30 1 0 0
65481 30 26 30 1 0 0
65480 30 26 30 1 0 0
65481 30 26 30 1 0 0
65481 30 26 30 1 0 0
65480 29 26 30 1 0 0
65482 30 25 30 1 100 100
65480 30 26 30 1 0 0
65482 30 26 30 1 0 0
65480 31 26 30 1 0 0
65481 30 26 30 1 -100 -100
65481 30 26 30 1 0 0
65480 30 26 30 1 0 0
65481 30 26 30 1 0 0
65481 30 26 30 1 0 0
65480 30 26 30 1 0 0
65481 30 26 30 1 0 0
65482 30 26 30 1 0 0
65481 30 26 30 1 0 0
65480 30 26 30 1 0 0
65481 30 26 30 1 0 0
65481 30 26 30 1 0 0
65480 30 26 30 1 0 0
65481 30 26 30 1 0 0
65481 30 26 30 1 0 0
65482 30 26 30 1 0 0
65480 30 26 30 1 0 0
65481 30 26 30 1 0 0
65481 30 26 30 1 0 0
65480 30 26 30 1 0 0
65481 30 26 30 1 0 0
65481 30 26 30 1 0 0
65480 30 26 30 1 0 0
65482 30 26 30 1 0 0
65481 30 26 30 1 0 0
65481 30 26 30 1 0 0
65480 30 26 30 1 0 0
65481 29 25 30 1 0 0
65481 29 25 30 1 100 100
65480 30 26 30 1 100 100
65481 30 26 30 1 0 0
65481 30 26 30 1 0 0
65481 30 26 30 1 0 0
65481 30 26 30 1 0 0
65481 30 27 30 1 0 0
65481 30 27 30 1 0 0
65480 30 26 30 1 0 0
65481 30 26 30 1 0 0
65481 30 26 30 1 0 0
65480 30 27 30 1 0 0
65481 30 27 30 1 0 0
65481 30 27 30 1 0 0
65481 30 27 30 1 0 0
65480 30 27 30 1 0 0
65481 30 26 30 1 0 0
65481 30 26 30 1 0 0
65481 30 26 30 1 0 0
65481 30 26 30 1 0 0
65481 30 26 30 1 0 0
65481 30 26 30 1 0 0
65480 30 26 30 1 0 0
65481 30 26 30 1 0 0
65481 30 26 30 1 0 0
65480 30 26 30 1 0 0
65482 30 26 30 1 0 0
65481 30 26 30 1 0 0
65480 30 26 30 1 0 0
65481 30 26 30 1 0 0
65481 30 26 30 1 0 0
65481 30 26 30 1 0 0
65480 30 26 30 1 0 0
65481 30 26 30 1 0 0
65482 30 26 30 1 0 0
65480 30 26 30 1 0 0
65481 30 26 30 1 0 0
65481 30 26 30 1 0 0
65481 30 26 30 1 0 0
65480 30 26 30 1 0 0
65481 30 26 30 1 0 0
65481 30 26 30 1 0 0
65480 30 26 30 1 0 0
65481 30 27 30 1 0 0
65482 30 26 30 1 0 0
65481 30 26 30 1 0 0
65480 30 27 30 1 0 0
65481 30 27 30 1 0 0
65481 30 26 30 1 0 0
65480 30 26 30 1 0 0
65481 30 26 30 1 0 0
65481 30 26 30 1 0 0
65480 30 26 30 1 0 0
65482 30 26 30 1 0 0
65481 30 26 30 1 0 0
65481 30 26 30 1 0 0
65480 30 26 30 1 0 0
65481 30 26 30 1 0 0
65481 30 26 30 1 0 0