65481 30 30 30 0 0 0
65481 30 30 30 0 0 0
65481 30 30 30 0 0 0
65480 30 30 30 0 0 0
65481 30 31 30 3 0 0
65481 30 30 30 3 -100 -200
65479 31 30 30 3 -150 -150
65481 31 30 30 3 -200 -100
65481 30 30 30 3 -200 -100
65481 31 5 30 3 -150 -150
65480 30 30 30 3 -1450 1150
65481 31 32 30 3 -150 -150
65480 31 32 30 3 -100 -200
65480 31 33 30 3 -100 -200
65480 31 33 30 3 -50 -250
65481 31 32 30 3 -50 -250
65479 32 32 30 3 -100 -200
65482 32 6 30 3 -150 -150
65482 32 5 30 3 -1450 1150
65480 31 31 30 3 -1500 1200
65480 32 33 30 3 -150 -150
65480 32 34 30 3 -100 -200
65481 33 34 30 3 -50 -250
65479 33 34 30 3 -100 -200
65481 33 33 30 3 -100 -200
65480 33 32 30 3 -150 -150
65479 33 33 30 3 -200 -100
65481 33 35 30 3 -150 -150
65480 33 32 30 3 -50 -250
65479 33 31 30 3 -200 -100
65481 33 31 30 3 -250 -50
65480 33 33 30 3 -250 -50
65479 33 35 30 3 -150 -150
65481 34 36 30 3 -50 -250
65482 32 5 30 3 -50 -250
65482 32 0 30 3 -1500 1200
65481 33 4 30 3 -1750 1450
65480 34 36 30 3 -1600 1300
65480 36 38 30 3 -50 -250
65479 35 39 30 3 -50 -250
65480 37 39 30 3 50 -350
65480 36 38 30 3 -50 -250
65478 36 38 30 3 -50 -250
65480 37 38 30 3 -50 -250
65480 37 37 30 3 -100 -200
65479 37 37 30 3 -150 -150
65480 37 34 30 3 -150 -150
65480 38 37 30 3 -300 0
65479 37 34 30 3 -200 -100
65480 37 37 30 3 -300 0
65480 37 38 30 3 -150 -150
65479 38 38 30 3 -100 -200
65480 37 38 30 3 -150 -150
65480 37 38 30 3 -100 -200
65480 38 39 30 3 -100 -200
65478 38 39 30 3 -100 -200
65480 39 38 30 3 -100 -200
65480 38 38 30 3 -200 -100
65479 38 37 30 3 -150 -150
65479 39 38 30 3 -200 -100
65480 38 39 30 3 -200 -100
65479 38 39 30 3 -100 -200
65480 39 39 30 3 -100 -200
65479 39 39 30 3 -150 -150
65479 39 39 30 3 -150 -150
65480 39 39 30 3 -150 -150
65480 39 39 30 3 -150 -150
65478 39 39 30 3 -150 -150
65480 39 39 30 3 -150 -150
65480 39 39 30 3 -150 -150
65478 39 39 30 3 -150 -150
65480 39 39 30 3 -150 -150
65480 39 38 30 3 -150 -150
65478 39 39 30 3 -200 -100
65480 39 38 30 3 -150 -150
65480 39 39 30 3 -200 -100
65478 39 40 30 3 -150 -150
65480 39 40 30 3 -100 -200
65480 40 39 30 3 -100 -200
65478 39 40 30 0 -200 -100
65480 39 41 30 0 0 0
65480 40 40 30 0 0 0
65478 40 40 30 0 0 0
65480 40 41 30 0 0 0
65480 40 40 30 0 0 0
65479 40 39 30 0 0 0