65480 40 40 30 0 0 0
65480 40 41 30 0 0 0
65479 40 41 30 0 0 0
65479 40 41 30 0 0 0
65480 40 40 30 0 0 0
65479 40 41 30 3 0 0
65480 40 40 30 3 -170 -230
65479 40 41 30 3 -177 -223
65479 40 41 30 3 -167 -233
65479 39 41 30 3 -144 -255
65480 40 40 30 3 -111 -255
65478 40 40 30 3 -145 -246
65480 40 36 30 3 -185 -206
65480 41 38 30 3 -255 -86
65479 40 35 30 3 -255 -24
65479 40 41 30 3 -255 60
65480 40 36 30 3 -255 -100
65479 41 42 30 3 -255 -73
65479 41 43 30 3 -232 -111
65479 42 44 30 3 -99 -244
65478 43 45 30 3 -73 -255
65480 42 45 30 3 -67 -255
65479 43 45 30 3 -60 -255
65478 43 45 30 3 -60 -255
65479 44 45 30 3 -60 -255
65479 44 39 30 3 -70 -240
65479 44 45 30 3 -255 -60
65479 44 44 30 3 -207 -88
65479 44 45 30 3 -114 -181
65478 44 44 30 3 -104 -191
65479 45 38 30 3 -111 -184
65480 44 38 30 3 -255 60
65478 44 44 30 3 -255 177
65479 44 39 30 3 -251 -5
65479 44 46 30 3 -255 60
65478 44 47 30 3 -171 -70
65479 45 49 30 3 5 -246
65479 46 50 30 3 64 -255
65478 46 50 30 3 96 -255
65479 46 49 30 3 108 -255
65478 47 48 30 3 90 -255
65478 47 43 30 3 60 -215
65479 47 46 30 3 -168 -60
65479 47 46 30 3 -190 -6
65478 47 46 30 3 -133 -63
65479 47 47 30 3 -136 -60
65479 47 47 30 3 -109 -87
65478 47 47 30 3 -89 -107
65478 47 48 30 3 -89 -107
65478 47 48 30 3 -60 -137
65479 47 47 30 3 -60 -160
65479 47 43 30 3 -63 -133
65478 47 44 30 3 -203 60
65479 47 47 30 3 -255 69
65479 47 47 30 3 -155 -60
65478 47 47 30 3 -95 -92
65478 47 48 30 3 -95 -92
65479 47 49 30 3 -65 -122
65478 48 49 30 3 -12 -175
65478 48 49 30 3 -16 -171
65479 48 44 30 3 -60 -154
65478 48 44 30 3 -180 -7
65479 48 49 30 3 -255 105
65479 48 50 30 3 -142 -60
65477 48 50 30 3 -9 -166
65479 48 50 30 3 60 -192
65479 49 50 30 3 60 -198
65477 49 50 30 3 -1 -174
65479 49 47 30 3 -18 -157
65478 49 45 30 3 -105 -70
65479 49 45 30 3 -231 60
65479 49 43 30 3 -255 108
65481 48 4 30 3 -255 180
65477 48 48 30 3 -255 255
65479 48 45 30 3 -255 255
65478 48 48 30 3 -173 60
65479 49 46 30 3 -152 60
65478 51 46 30 3 -182 60
65478 47 61 30 3 -255 166
65478 47 49 30 0 219 -255
65479 46 48 30 0 0 0
65478 47 48 30 0 0 0
65479 46 49 30 0 0 0
65479 46 49 30 0 0 0
65478 46 49 30 0 0 0