481 30 30 30 0 0 0
65480 30 30 30 0 0 0
65480 30 30 30 0 0 0
65481 30 31 30 0 0 0
65480 30 30 30 0 0 0
65481 30 30 30 0 0 0
65481 30 30 30 0 0 0
65481 30 30 30 0 0 0
65480 30 30 30 0 0 0
65481 30 30 30 0 0 0
65480 30 30 30 0 0 0
65480 30 30 30 0 0 0
65481 30 30 30 0 0 0
65481 30 30 30 0 0 0
65480 30 30 30 0 0 0
65481 30 30 30 0 0 0
65481 30 30 30 0 0 0
65481 30 30 30 0 0 0
65479 30 31 30 0 0 0
65481 30 31 30 0 0 0
65481 30 30 30 0 0 0
65480 30 30 30 0 0 0
65481 30 30 30 0 0 0
65481 30 31 30 0 0 0
65480 30 30 30 0 0 0
65480 30 31 30 0 0 0
65481 30 31 30 0 0 0
65481 30 31 30 0 0 0
65480 30 30 30 0 0 0
65481 30 30 30 0 0 0
65481 30 30 30 0 0 0
65480 30 30 30 0 0 0
65481 30 31 30 0 0 0
65480 30 31 30 0 0 0
65480 30 30 30 0 0 0
65481 30 30 30 0 0 0
65481 30 30 30 0 0 0
65481 30 30 30 0 0 0
65480 30 30 30 0 0 0
65481 30 30 30 0 0 0
65480 30 31 30 0 0 0
65480 30 31 30 0 0 0
65481 30 30 30 0 0 0
65481 30 31 30 0 0 0
65480 30 30 30 0 0 0
65481 30 30 30 0 0 0
65481 30 30 30 0 0 0
65480 30 30 30 0 0 0
65480 30 30 30 0 0 0
65481 30 30 30 0 0 0
65481 30 30 30 0 0 0
65480 30 30 30 0 0 0
65481 30 30 30 0 0 0
65481 30 30 30 0 0 0
65479 30 30 30 0 0 0
65481 30 30 30 0 0 0
65481 30 31 30 0 0 0
65481 30 30 30 0 0 0
65480 30 30 30 0 0 0
65481 30 30 30 0 0 0
65481 30 31 30 0 0 0
65479 30 30 30 0 0 0
65481 30 30 30 0 0 0
65481 30 31 30 0 0 0
65480 30 30 30 0 0 0
65481 30 30 30 0 0 0
65481 30 30 30 0 0 0
65481 30 30 30 0 0 0
65480 30 30 30 0 0 0
65480 30 31 30 0 0 0
65481 30 30 30 0 0 0
65480 30 30 30 0 0 0
65481 30 30 30 0 0 0
65481 30 30 30 0 0 0
65480 30 30 30 0 0 0
65481 30 31 30 0 0 0
65480 30 31 30 0 0 0
65481 30 31 30 0 0 0
65480 30 30 30 0 0 0
65481 30 30 30 0 0 0
65481 30 31 30 0 0 0
65480 30 30 30 0 0 0
65480 30 31 30 0 0 0
65481 30 30 30 0 0 0
65480 30 30 30 0 0 0
65481 30 30 30 0 0 0
65481 30 30 30 0 0 0
65481 30 30 30 0 0 0
65480 30 30 30 0 0 0
65481 30 30 30 0 0 0
65480 30 31 30 0 0 0
65480 30 31 30 0 0 0
65481 30 30 30 0 0 0
65481 30 30 30 0 0 0
65480 30 30 30 0 0 0
65481 29 30 30 0 0 0
65481 30 32 30 0 0 0
65480 30 34 30 0 0 0
65480 31 35 30 0 0 0
65478 33 81 30 0 0 0
65479 40 43 30 0 0 0
65477 41 74 30 0 0 0
65471 126 123 30 0 0 0
65470 122 116 30 0 0 0
65470 123 117 30 0 0 0
65470 122 122 30 0 0 0
65469 124 125 30 0 0 0
65470 127 132 30 0 0 0
65468 133 138 30 0 0 0
65468 139 144 30 0 0 0
65464 0 149 30 0 0 0
65467 152 147 30 0 0 0
65464 148 0 30 0 0 0
65464 0 153 30 0 0 0
65467 161 134 30 0 0 0
65469 132 133 30 0 0 0
65469 129 123 30 0 0 0
65470 134 123 30 0 0 0
65469 132 122 30 0 0 0
65468 130 156 30 0 0 0
65466 0 120 30 0 0 0
65465 0 118 30 0 0 0
65475 113 60 30 0 0 0
65461 0 0 30 0 0 0
65470 54 0 30 0 0 0
65473 48 125 30 0 0 0
65471 125 121 30 0 0 0
65470 120 118 30 0 0 0
65465 116 0 30 0 0 0
65474 111 86 30 0 0 0
65466 110 0 30 0 0 0
65467 104 0 30 0 0 0
65466 106 0 30 0 0 0
65468 0 77 30 0 0 0
65469 0 67 30 0 0 0
65467 99 0 30 0 0 0
65472 91 128 30 0 0 0
65467 86 0 30 0 0 0
65477 84 53 30 0 0 0
65476 80 52 30 0 0 0
65468 81 0 30 0 0 0
65461 0 0 30 0 0 0
65461 0 0 30 0 0 0
65461 0 0 30 0 0 0
65462 0 0 30 0 0 0
65461 0 0 30 0 0 0
65461 0 0 30 0 0 0
65461 0 0 30 0 0 0
65472 27 0 30 0 0 0
65470 26 0 30 0 0 0
65462 0 0 30 0 0 0
65461 0 0 30 0 0 0
65461 0 0 30 0 0 0
65461 0 0 30 0 0 0
65472 28 0 30 0 0 0
65461 0 0 30 0 0 0
65461 0 0 30 0 0 0
65472 16 0 30 0 0 0
65482 20 22 30 0 0 0
65461 0 0 30 0 0 0
65461 0 0 30 0 0 0
65472 16 0 30 0 0 0
65472 13 0 30 0 0 0
65475 12 150 30 0 0 0
65471 12 0 30 0 0 0
65472 19 0 30 0 0 0
65472 14 0 30 0 0 0
65474 11 169 30 0 0 0
65472 10 0 30 0 0 0
65462 0 165 30 0 0 0
65462 0 0 30 0 0 0
65461 0 0 30 0 0 0
65464 0 158 30 0 0 0
65464 0 152 30 0 0 0
65467 154 142 30 0 0 0
65467 149 138 30 0 0 0
65466 0 134 30 0 0 0
65468 140 132 30 0 0 0
65468 137 133 30 0 0 0
65466 0 126 30 0 0 0
65465 0 123 30 0 0 0
65467 0 122 30 0 0 0
65465 0 119 30 0 0 0
65466 0 114 30 0 0 0
65467 0 112 30 0 0 0
65466 0 111 30 0 0 0
65465 0 111 30 0 0 0
65467 0 109 30 0 0 0
65466 0 110 30 0 0 0
65472 111 109 30 0 0 0
65466 0 111 30 0 0 0
65466 0 109 30 0 0 0
65467 0 111 30 0 0 0
65466 0 110 30 0 0 0
65466 0 111 30 0 0 0
65467 0 111 30 0 0 0
65466 0 111 30 0 0 0
65466 0 111 30 0 0 0
65467 0 111 30 0 0 0
65466 0 110 30 0 0 0
65467 0 110 30 0 0 0
65466 0 109 30 0 0 0
65466 0 109 30 0 0 0
65466 0 111 30 0 0 0
65466 0 111 30 0 0 0
65466 0 110 30 0 0 0
65467 0 110 30 0 0 0
65466 0 110 30 0 0 0
65467 0 110 30 0 0 0
65466 0 110 30 0 0 0
65466 0 110 30 0 0 0
65467 0 110 30 0 0 0
65466 0 110 30 0 0 0
65466 0 115 30 0 0 0
65466 0 114 30 0 0 0
65466 0 117 30 0 0 0
65466 0 114 30 0 0 0
65466 0 115 30 0 0 0
65466 0 115 30 0 0 0
65467 0 111 30 0 0 0
65465 0 120 30 0 0 0
65466 0 117 30 0 0 0
65467 0 112 30 0 0 0
65466 0 110 30 0 0 0
65466 0 111 30 0 0 0
65466 0 115 30 0 0 0
65466 0 115 30 0 0 0
65466 0 111 30 0 0 0
65467 0 111 30 0 0 0
65465 0 114 30 0 0 0
65466 0 110 30 0 0 0
65467 0 111 30 0 0 0
65466 0 111 30 0 0 0
65467 0 111 30 0 0 0
65466 0 111 30 0 0 0
65466 0 111 30 0 0 0
65467 0 111 30 0 0 0
65466 0 110 30 0 0 0
65466 0 111 30 0 0 0
65467 0 111 30 0 0 0
65466 0 111 30 0 0 0
65466 0 111 30 0 0 0
65466 0 111 30 0 0 0
65466 0 111 30 0 0 0
65467 0 111 30 0 0 0
65466 0 110 30 0 0 0
65466 0 111 30 0 0 0
65467 0 110 30 0 0 0
65466 0 110 30 0 0 0
65466 0 112 30 0 0 0
65467 0 111 30 0 0 0
65466 0 112 30 0 0 0
65467 0 110 30 0 0 0
65465 0 111 30 0 0 0
65466 0 110 30 0 0 0
65467 0 111 30 0 0 0
65466 0 112 30 0 0 0
65466 0 111 30 0 0 0
65467 0 111 30 0 0 0
65466 0 111 30 0 0 0
65466 0 110 30 0 0 0
65467 0 111 30 0 0 0
65466 0 110 30 0 0 0
65466 0 111 30 0 0 0
65466 0 111 30 0 0 0
65466 0 111 30 0 0 0
65467 0 110 30 0 0 0
65466 0 111 30 0 0 0
65466 0 111 30 0 0 0
65467 0 111 30 0 0 0
65466 0 111 30 0 0 0
65467 0 110 30 0 0 0
65466 0 110 30 0 0 0
65466 0 110 30 0 0 0
65467 0 111 30 0 0 0
65465 0 111 30 0 0 0
65466 0 110 30 0 0 0
65467 0 110 30 0 0 0
65466 0 111 30 0 0 0
65466 0 111 30 0 0 0
65467 0 110 30 0 0 0
65466 0 110 30 0 0 0
65467 0 109 30 0 0 0
65466 0 111 30 0 0 0
65466 0 110 30 0 0 0
65467 0 111 30 0 0 0
65466 0 110 30 0 0 0
65466 0 111 30 0 0 0
65467 0 109 30 0 0 0
65466 0 110 30 0 0 0
65466 0 109 30 0 0 0
65466 0 110 30 0 0 0
65466 0 111 30 0 0 0
65467 0 111 30 0 0 0
65466 0 111 30 0 0 0
65466 0 112 30 0 0 0
65467 0 110 30 0 0 0
65466 0 112 30 0 0 0
65466 0 112 30 0 0 0
65467 0 109 30 0 0 0
65466 0 110 30 0 0 0
65465 0 111 30 0 0 0
65467 0 112 30 0 0 0
65466 0 109 30 0 0 0
65467 0 110 30 0 0 0
65466 0 110 30 0 0 0
65466 0 109 30 0 0 0
65467 0 111 30 0 0 0
65466 0 111 30 0 0 0
65466 0 110 30 0 0 0
65467 0 110 30 0 0 0
65466 0 111 30 0 0 0
65467 0 111 30 0 0 0
65466 0 111 30 0 0 0
65466 0 110 30 0 0 0
65466 0 110 30 0 0 0
65466 0 110 30 0 0 0
65466 0 110 30 0 0 0
65467 0 111 30 0 0 0
65466 0 111 30 0 0 0
65466 0 111 30 0 0 0
65467 0 111 30 0 0 0
65466 0 110 30 0 0 0
65467 0 111 30 0 0 0
65466 0 111 30 0 0 0
65466 0 110 30 0 0 0
65467 0 110 30 0 0 0
65466 0 110 30 0 0 0
65466 0 110 30 0 0 0
65467 0 110 30 0 0 0
65465 0 111 30 0 0 0
65466 0 111 30 0 0 0
65467 0 110 30 0 0 0
65466 0 111 30 0 0 0
65467 0 110 30 0 0 0
65466 0 110 30 0 0 0
65466 0 110 30 0 0 0
65467 0 112 30 0 0 0
65466 0 112 30 0 0 0
65466 0 110 30 0 0 0
65467 0 111 30 0 0 0
65466 0 110 30 0 0 0
65467 0 110 30 0 0 0
65465 0 110 30 0 0 0
65466 0 111 30 0 0 0
65467 0 111 30 0 0 0
65466 0 110 30 0 0 0
65466 0 110 30 0 0 0
65467 0 109 30 0 0 0
65466 0 110 30 0 0 0
65466 0 110 30 0 0 0
65467 0 112 30 0 0 0
65466 0 112 30 0 0 0
65467 0 112 30 0 0 0
65465 0 110 30 0 0 0
65466 0 112 30 0 0 0
65467 0 110 30 0 0 0
65466 0 112 30 0 0 0
65466 0 110 30 0 0 0
65467 0 111 30 0 0 0
65466 0 111 30 0 0 0
65466 0 111 30 0 0 0
65467 0 111 30 0 0 0
65466 0 111 30 0 0 0
65467 0 110 30 0 0 0
65466 0 111 30 0 0 0
65465 0 112 30 0 0 0
65467 0 110 30 0 0 0
65466 0 109 30 0 0 0
65466 0 110 30 0 0 0
65467 0 111 30 0 0 0
65466 0 111 30 0 0 0
65466 0 110 30 0 0 0
65467 0 111 30 0 0 0
65466 0 111 30 0 0 0
65467 0 112 30 0 0 0
65466 0 112 30 0 0 0
65466 0 111 30 0 0 0
65466 0 111 30 0 0 0
65466 0 110 30 0 0 0
65466 0 110 30 0 0 0
65467 0 112 30 0 0 0
65466 0 112 30 0 0 0
65467 0 111 30 0 0 0
65466 0 111 30 0 0 0
65466 0 112 30 0 0 0
65467 0 112 30 0 0 0
65466 0 110 30 0 0 0
65465 0 112 30 0 0 0
65467 0 110 30 0 0 0
65466 0 112 30 0 0 0
65466 0 112 30 0 0 0
65467 0 111 30 0 0 0
65466 0 110 30 0 0 0
65467 0 111 30 0 0 0
65466 0 112 30 0 0 0
65466 0 111 30 0 0 0
65466 0 112 30 0 0 0
65466 0 110 30 0 0 0
65466 0 111 30 0 0 0
65467 0 112 30 0 0 0
65466 0 112 30 0 0 0
65466 0 112 30 0 0 0
65467 0 110 30 0 0 0
65466 0 112 30 0 0 0
65466 0 112 30 0 0 0
65466 0 111 30 0 0 0
65466 0 113 30 0 0 0
65467 0 112 30 0 0 0
65466 0 112 30 0 0 0
65466 0 112 30 0 0 0
65466 0 112 30 0 0 0
65466 0 114 30 0 0 0
65466 0 111 30 0 0 0
65467 0 110 30 0 0 0
65466 0 111 30 0 0 0
65467 0 110 30 0 0 0
65466 0 110 30 0 0 0
65466 0 111 30 0 0 0
65467 0 111 30 0 0 0
65466 0 110 30 0 0 0
65465 0 111 30 0 0 0
65467 0 110 30 0 0 0
65466 0 112 30 0 0 0
65466 0 112 30 0 0 0
65467 0 110 30 0 0 0
65466 0 115 30 0 0 0
65467 0 111 30 0 0 0
65465 0 112 30 0 0 0
65466 0 112 30 0 0 0
65467 0 115 30 0 0 0
65466 0 112 30 0 0 0
65466 0 110 30 0 0 0
65467 0 112 30 0 0 0
65465 0 111 30 0 0 0
65466 0 112 30 0 0 0
65467 0 115 30 0 0 0
65466 0 113 30 0 0 0
65467 0 110 30 0 0 0
65466 0 111 30 0 0 0
65465 0 112 30 0 0 0
65467 0 109 30 0 0 0
65466 0 110 30 0 0 0
65466 0 111 30 0 0 0
65467 0 112 30 0 0 0
65466 0 110 30 0 0 0
65467 0 113 30 0 0 0
65466 0 111 30 0 0 0
65466 0 112 30 0 0 0
65467 0 110 30 0 0 0
65465 0 111 30 0 0 0
65466 0 110 30 0 0 0
65467 0 110 30 0 0 0
65466 0 111 30 0 0 0
65466 0 115 30 0 0 0
65467 0 111 30 0 0 0
65466 0 113 30 0 0 0
65466 0 115 30 0 0 0
65466 0 110 30 0 0 0
65466 0 110 30 0 0 0
65467 0 110 30 0 0 0
65466 0 111 30 0 0 0
65466 0 111 30 0 0 0
65467 0 110 30 0 0 0
65466 0 110 30 0 0 0
65466 0 110 30 0 0 0
65467 0 111 30 0 0 0
65466 0 110 30 0 0 0
65469 159 114 30 0 0 0
65465 0 115 30 0 0 0
65466 0 114 30 0 0 0
65467 0 114 30 0 0 0
65465 0 115 30 0 0 0
65466 0 113 30 0 0 0
65467 0 115 30 0 0 0
65465 0 115 30 0 0 0
65466 0 115 30 0 0 0
65467 0 111 30 0 0 0
65466 0 110 30 0 0 0
65467 0 111 30 0 0 0
65466 0 114 30 0 0 0
65465 0 110 30 0 0 0
65467 0 111 30 0 0 0
65466 0 111 30 0 0 0
65466 0 117 30 0 0 0
65467 0 110 30 0 0 0
65465 0 115 30 0 0 0
65466 0 112 30 0 0 0
65467 0 112 30 0 0 0
65466 0 112 30 0 0 0
65467 0 111 30 0 0 0
65466 0 112 30 0 0 0
65466 0 111 30 0 0 0
65466 0 111 30 0 0 0
65466 0 111 30 0 0 0
65466 0 111 30 0 0 0
65467 0 111 30 0 0 0
65466 0 110 30 0 0 0
65466 0 111 30 0 0 0
65467 0 110 30 0 0 0
65466 0 110 30 0 0 0
65467 0 111 30 0 0 0
65466 0 111 30 0 0 0
65466 0 111 30 0 0 0
65467 0 110 30 0 0 0
65465 0 110 30 0 0 0
65466 0 112 30 0 0 0
65467 0 111 30 0 0 0
65466 0 110 30 0 0 0
65467 0 112 30 0 0 0
65466 0 110 30 0 0 0
65466 0 112 30 0 0 0
65467 0 112 30 0 0 0
65466 0 112 30 0 0 0
65465 0 110 30 0 0 0
65467 0 110 30 0 0 0
65466 0 110 30 0 0 0
65466 0 112 30 0 0 0
65467 0 111 30 0 0 0
65466 0 111 30 0 0 0
65467 0 112 30 0 0 0
65466 0 110 30 0 0 0
65466 0 111 30 0 0 0
65467 0 110 30 0 0 0
65466 0 111 30 0 0 0
65465 0 111 30 0 0 0
65467 0 111 30 0 0 0
65466 0 110 30 0 0 0
65466 0 110 30 0 0 0
65467 0 111 30 0 0 0
65466 0 110 30 0 0 0
65467 0 111 30 0 0 0
65466 0 110 30 0 0 0
65466 0 109 30 0 0 0
65467 0 109 30 0 0 0
65466 0 110 30 0 0 0
65466 0 109 30 0 0 0
65467 0 109 30 0 0 0
65466 0 109 30 0 0 0
65467 0 109 30 0 0 0
65466 0 110 30 0 0 0
65466 0 111 30 0 0 0
65467 0 116 30 0 0 0
65465 0 116 30 0 0 0
65463 0 166 30 0 0 0
65462 0 0 30 0 0 0
