                                                      
65479 50 50 50 0 0 0                                                            
65479 50 50 50 0 0 0                                                            
65477 50 50 50 0 0 0                                                            
65479 50 50 50 0 0 0                                                            
65479 50 50 50 0 0 0                                                            
65477 50 51 50 0 0 0                                                            
65479 50 50 50 0 0 0                                                            
65478 50 50 50 0 0 0                                                            
65478 50 50 50 0 0 0                                                            
65479 50 50 50 0 0 0                                                            
65478 50 50 50 0 0 0                                                            
65478 50 50 50 0 0 0                                                            
65479 50 50 50 0 0 0                                                            
65478 50 49 50 0 0 0                                                            
65479 50 50 50 0 0 0                                                            
65478 50 50 50 0 0 0                                                            
65478 50 50 50 0 0 0                                                            
65479 50 50 50 0 0 0                                                            
65478 50 50 50 0 0 0                                                            
65478 50 50 50 0 0 0                                                            
65479 50 50 50 0 0 0                                                            
65478 50 50 50 0 0 0                                                            
65478 50 50 50 0 0 0                                                            
65479 50 50 50 0 0 0                                                            
65478 50 50 50 0 0 0                                                            
65478 50 50 50 0 0 0                                                            
65479 50 51 50 0 0 0                                                            
65477 50 50 50 0 0 0                                                            
65479 50 50 50 0 0 0                                                            
65479 50 50 50 0 0 0                                                            
65477 50 50 50 0 0 0                                                            
65479 50 50 50 0 0 0                                                            
65479 50 50 50 0 0 0                                                            
65477 50 50 50 0 0 0                                                            
65479 50 50 50 0 0 0                                                            
65479 50 50 50 0 0 0                                                            
65478 50 50 50 0 0 0                                                            
65478 50 50 50 0 0 0                                                            
65479 50 50 50 0 0 0                                                            
65477 50 51 50 0 0 0                                                            
65479 50 50 50 0 0 0                                                            
65479 50 51 50 0 0 0                                                            
65477 50 50 50 0 0 0                                                            
65479 50 50 50 0 0 0                                                            
65478 50 50 50 0 0 0                                                            
65479 50 50 50 0 0 0                                                            
65478 50 50 50 0 0 0                                                            
65478 50 50 50 0 0 0                                                            
65479 50 50 50 0 0 0                                                            
65478 50 50 50 0 0 0                                                            
65478 50 50 50 0 0 0                                                            
65479 50 50 50 0 0 0                                                            
65478 50 51 50 0 0 0                                                            
65478 50 50 50 0 0 0                                                            
65479 50 50 50 0 0 0                                                            
65478 50 50 50 0 0 0                                                            
65478 50 50 50 0 0 0                                                            
65479 50 50 50 0 0 0                                                            
65478 50 51 50 0 0 0                                                            
65478 50 50 50 0 0 0                                                            
65479 50 50 50 0 0 0                                                            
65477 50 50 50 0 0 0                                                            
65479 50 50 50 0 0 0                                                            
65479 50 51 50 0 0 0                                                            
65477 50 50 50 0 0 0                                                            
65479 50 50 50 0 0 0                                                            
65479 50 50 50 0 0 0                                                            
65477 50 50 50 0 0 0                                                            
65479 50 50 50 0 0 0                                                            
65479 50 50 50 0 0 0                                                            
65477 50 50 50 0 0 0                                                            
65479 50 50 50 0 0 0                                                            
65479 50 50 50 0 0 0                                                            
65477 50 50 50 0 0 0                                                            
65479 50 50 50 0 0 0                                                            
65479 50 50 50 0 0 0                                                            
65477 50 51 50 0 0 0                                                            
65479 50 50 50 0 0 0                                                            
65479 50 50 50 0 0 0                                                            
65477 50 51 50 0 0 0                                                            
65479 50 50 50 0 0 0                                                            
65477 50 50 50 0 0 0                                                            
65479 50 50 50 0 0 0                                                            
65479 50 50 50 0 0 0                                                            
65477 50 50 50 0 0 0                                                            
65479 50 50 50 0 0 0                                                            
65479 50 50 50 0 0 0                                                            
65477 50 50 50 0 0 0                                                            
65479 50 50 50 0 0 0                                                            
65479 50 51 50 0 0 0                                                            
65477 50 50 50 0 0 0                                                            
65479 50 50 50 0 0 0                                                            
65479 50 50 50 0 0 0                                                            
65477 50 50 50 0 0 0                                                            
65479 50 50 50 0 0 0                                                            
65479 50 50 50 0 0 0                                                            
65477 50 50 50 0 0 0                                                            
65479 50 49 50 0 0 0                                                            
65478 50 50 50 0 0 0                                                            
65479 50 50 50 0 0 0                                                            
65478 50 50 50 0 0 0                                                            
65478 50 50 50 0 0 0                                                            
65479 50 50 50 0 0 0                                                            
65478 50 50 50 0 0 0                                                            
65478 50 50 50 0 0 0                                                            
65479 50 51 50 0 0 0                                                            
65478 50 50 50 0 0 0                                                            
65478 50 51 50 0 0 0                                                            
65479 50 51 50 0 0 0                                                            
65478 50 50 50 0 0 0                                                            
65478 50 50 50 0 0 0                                                            
65479 50 50 50 0 0 0                                                            
65478 50 50 50 0 0 0                                                            
65478 50 50 50 0 0 0                                                            
65478 50 50 50 0 0 0                                                            
65478 50 50 50 0 0 0                                                            
65479 50 50 50 0 0 0                                                            
65478 50 50 50 0 0 0                                                            
65478 50 50 50 0 0 0                                                            
65479 50 50 50 0 0 0                                                            
65478 50 50 50 0 0 0                                                            
65478 50 50 50 0 0 0                                                            
65479 50 50 50 0 0 0                                                            
65478 50 50 50 0 0 0                                                            
65478 50 49 50 0 0 0                                                            
65479 50 50 50 0 0 0                                                            
65479 50 50 50 0 0 0                                                            
65477 50 50 50 0 0 0                                                            
65479 50 50 50 0 0 0                                                            
65479 50 50 50 0 0 0                                                            
65477 50 50 50 0 0 0                                                            
65479 50 50 50 0 0 0                                                            
65479 50 50 50 0 0 0                                                            
65477 50 50 50 0 0 0                                                            
65479 50 50 50 0 0 0                                                            
65478 50 50 50 0 0 0                                                            
65478 50 50 50 0 0 0                                                            
65479 50 50 50 0 0 0                                                            
65478 50 50 50 0 0 0                                                            
65478 50 50 50 0 0 0                                                            
65479 50 50 30 0 0 0                                                            
65477 50 50 30 0 0 0                                                            
65479 50 50 30 0 0 0                                                            
65479 50 50 30 0 0 0                                                            
65477 50 50 30 0 0 0                                                            
65479 50 50 30 0 0 0                                                            
65479 50 50 30 0 0 0                                                            
65477 50 50 30 0 0 0                                                            
65479 50 50 30 0 0 0                                                            
65479 50 50 30 0 0 0                                                            
65477 50 50 30 0 0 0                                                            
65479 50 50 30 0 0 0                                                            
65478 50 50 30 0 0 0                                                            
65478 50 50 30 0 0 0                                                            
65479 50 50 30 0 0 0                                                            
65477 50 50 30 2 0 0                                                            
65479 50 50 30 2 -2000 -2000                                                    
65479 49 49 30 2 -2000 -2000                                                    
65477 47 43 30 2 -1900 -1900                                                    
65480 46 41 30 2 -1700 -1300                                                    
65479 43 38 30 2 -1600 -1100                                                    
65479 41 35 30 2 -1300 -800                                                     
65480 39 34 30 2 -1100 -500                                                     
65480 37 36 30 2 -900 -400                                                      
65479 33 33 30 2 -700 -600                                                      
65480 31 30 30 2 -300 -300                                                      
65481 28 28 30 2 -100 0                                                         
65481 26 22 30 2 200 200                                                        
65482 25 3 30 2 400 800                                                         
65483 24 2 30 2 500 2700                                                        
65482 25 3 30 2 600 2800                                                        
65482 25 4 30 2 500 2700                                                        
65481 27 22 30 2 500 2600                                                       
65481 28 26 30 2 300 800                                                        
65481 30 32 30 2 200 400                                                        
65479 33 34 30 2 0 -200                                                         
65482 34 8 30 2 -300 -400                                                       
65480 34 36 30 2 -400 2200                                                      
65481 34 5 30 2 -400 -600                                                       
65480 34 36 30 2 -400 2500                                                      
65482 33 6 30 2 -400 -600                                                       
65479 32 36 30 2 -300 2400                                                      
65480 31 37 30 2 -200 -600                                                      
65481 31 37 30 2 -100 -700                                                      
65471 172 35 30 2 -100 -700                                                     
65481 29 32 30 2 -14200 -500                                                    
65480 26 31 30 2 100 -200                                                       
65480 25 29 30 2 400 -100                                                       
65482 23 27 30 2 500 100                                                        
65482 23 6 30 2 700 300                                                         
65482 23 25 30 2 700 2400                                                       
65481 24 7 30 2 700 500                                                         
65481 25 28 30 2 600 2300                                                       
65481 28 29 30 2 500 200                                                        
65479 30 31 30 2 200 100                                                        
65481 32 32 30 2 0 -100                                                         
65480 33 33 30 2 -200 -200                                                      
65482 33 3 30 2 -300 -300                                                       
65482 33 1149 30 2 -300 2700                                                    
65480 32 33 30 2 -300 19172                                                     
65480 32 32 30 2 -200 -300                                                      
65481 30 4 30 2 -200 -200                                                       
65481 29 31 30 2 0 2600                                                         
65481 29 31 30 2 100 -100                                                       
65480 28 31 30 2 100 -100                                                       
65480 28 30 30 2 200 -100                                                       
65481 28 29 30 2 200 0                                                          
65481 28 29 30 2 200 100                                                        
65481 29 6 30 2 200 100                                                         
65481 30 30 30 2 100 2400                                                       
65481 31 29 30 2 0 0                                                            
65481 32 6 30 2 -100 100                                                        
65480 33 33 30 2 -200 2400                                                      
65481 33 33 30 2 -300 -300                                                      
65480 32 34 30 2 -300 -300                                                      
65480 31 33 30 2 -200 -400                                                      
65480 30 32 30 2 -100 -300                                                      
65481 28 30 30 2 0 -200                                                         
65480 26 29 30 2 200 0                                                          
65482 26 23 30 2 400 100                                                        
65481 25 23 30 2 400 700                                                        
65480 26 23 30 2 500 700                                                        
65481 27 24 30 2 400 700                                                        
65481 28 29 30 2 300 600                                                        
65481 30 31 30 2 200 100                                                        
65479 32 34 30 2 0 -100                                                         
65481 34 34 30 2 -200 -400                                                      
65482 34 4 30 2 -400 -400                                                       
65479 34 34 30 2 -400 2600                                                      
65482 33 5 30 2 -400 -400                                                       
65482 32 0 30 2 -300 2500                                                       
65479 32 34 30 2 -200 3000                                                      
65481 31 34 30 2 -200 -400                                                      
65480 30 34 30 2 -100 -400                                                      
65481 29 33 30 2 0 -400                                                         
65480 27 31 30 2 100 -300                                                       
65481 26 29 30 2 300 -100                                                       
65481 25 28 30 2 400 100                                                        
65481 25 7 30 2 500 200                                                         
65481 27 27 30 2 500 2300                                                       
65481 28 23 30 2 300 300                                                        
65481 29 30 30 2 200 700                                                        
65480 31 31 30 2 100 0                                                          
65480 32 33 30 2 -100 -100                                                      
65481 33 33 30 2 -200 -300                                                      
65479 33 33 30 2 -300 -300                                                      
65482 32 3 30 2 -300 -300                                                       
65482 30 1 30 2 -200 2700                                                       
65480 30 30 30 2 0 2900                                                         
65481 29 30 30 2 0 0                                                            
65481 29 30 30 2 100 0                                                          
65481 29 31 30 2 100 0                                                          
65480 29 31 30 2 100 -100                                                       
65480 29 30 30 2 100 -100                                                       
65481 29 30 30 2 100 0                                                          
65480 29 30 30 2 100 0                                                          
65481 29 29 30 2 100 0                                                          
65480 29 30 50 2 100 100                                                        
65482 30 1 50 2 2100 2000                                                       
65482 31 0 50 2 2000 4900                                                       
65482 33 5 50 2 1900 5000                                                       
65480 35 36 50 2 1700 4500                                                      
65479 37 32 50 2 1500 1400                                                      
65480 39 34 50 2 1300 1800                                                      
65480 42 38 50 2 1100 1600                                                      
65478 44 44 50 2 800 1200                                                       
65479 47 43 50 2 600 600                                                        
65478 50 45 50 2 300 700                                                        
65478 52 48 50 2 0 500                                                          
65478 55 55 50 2 -200 200                                                       
65478 56 57 50 2 -500 -500                                                      
65476 56 58 50 2 -600 -700                                                      
65481 57 5 50 2 -600 -800                                                       
65481 55 6 50 2 -700 4500                                                       
65476 55 58 50 2 -500 4400                                                      
65478 53 58 50 2 -500 -800                                                      
65477 52 57 50 2 -300 -800                                                      
65478 51 56 50 2 -200 -700                                                      
65479 49 54 50 2 -100 -600                                                      
65477 47 51 50 2 100 -400                                                       
65479 45 49 50 2 300 -100                                                       
65479 43 47 50 2 500 100                                                        
65478 43 46 50 2 700 300                                                        
65479 43 47 50 2 700 400                                                        
65479 44 47 50 2 700 300                                                        
65478 45 48 50 2 600 300                                                        
65479 47 49 50 2 500 200                                                        
65478 48 51 50 2 300 100                                                        
65477 51 53 50 2 200 -100                                                       
65479 53 53 50 2 -100 -300                                                      
65480 53 5 50 2 -300 -300                                                       
65478 54 51 50 2 -300 4500                                                      
65478 53 49 50 2 -400 -100                                                      
65477 53 53 50 2 -300 100                                                       
65478 51 52 50 2 -300 -300                                                      
65479 50 51 50 2 -100 -200                                                      
65477 48 50 50 2 0 -100                                                         
65479 47 49 50 2 200 0                                                          
65479 46 48 50 2 300 100                                                        
65478 46 48 50 2 400 200                                                        
65479 46 49 50 2 400 200                                                        
65478 47 48 50 2 400 100                                                        
65478 48 50 50 2 300 200                                                        
65478 51 51 50 2 200 0                                                          
65479 53 47 50 2 -100 -100                                                      
65480 54 5 50 2 -300 300                                                        
65478 54 53 50 2 -400 4500                                                      
65481 54 5 50 2 -400 -300                                                       
65477 54 54 50 2 -400 4500                                                      
65478 53 54 50 2 -400 -400                                                      
65478 52 54 50 2 -300 -400                                                      
65477 50 53 50 2 -200 -400                                                      
65479 48 51 50 2 0 -300                                                         
65477 46 48 50 2 200 -100                                                       
65479 45 46 50 2 400 200                                                        
65482 45 5 50 2 500 400                                                         
65478 45 42 50 2 500 4500                                                       
65479 46 46 50 2 500 800                                                        
65479 48 43 50 2 400 400                                                        
65477 50 48 50 2 200 700                                                        
65479 52 52 50 2 0 200                                                          
65478 53 48 50 2 -200 -200                                                      
65477 54 54 50 2 -300 200                                                       
65481 54 7 50 2 -400 -400                                                       
65478 53 54 50 2 -400 4300                                                      
65477 52 55 50 2 -300 -400                                                      
65478 51 54 50 2 -200 -500                                                      
65479 50 52 50 2 -100 -400                                                      
65477 48 51 50 2 0 -200                                                         
65479 47 48 50 2 200 -100                                                       
65479 45 46 50 2 300 200                                                        
65478 45 41 50 2 500 400                                                        
65480 45 42 50 2 500 900                                                        
65479 46 43 50 2 500 800                                                        
65477 48 46 50 2 400 700                                                        
65479 49 49 50 2 200 400                                                        
65477 52 51 50 2 100 100                                                        
65478 54 53 50 2 -200 -100                                                      
65481 55 5 50 2 -400 -300                                                       
65480 54 5 50 2 -500 4500                                                       
65478 54 53 50 2 -400 4500                                                      
65478 52 53 50 2 -400 -300                                                      
65477 51 54 50 2 -200 -300                                                      
65479 50 52 50 2 -100 -400                                                      
65478 48 50 50 2 0 -200                                                         
65478 47 48 50 2 200 0                                                          
65481 46 7 50 2 300 200                                                         
65482 46 6 50 2 400 4300                                                        
65480 46 7 50 2 400 4400                                                        
65478 47 48 50 2 400 4300                                                       
65479 49 50 50 2 300 200                                                        
65477 50 51 50 2 100 0                                                          
65479 52 52 50 2 0 -100                                                         
65478 54 50 50 2 -200 -200                                                      
65477 53 52 50 2 -400 0                                                         
65478 53 50 50 2 -300 -200                                                      
65479 52 47 50 2 -300 0                                                         
65480 51 6 50 2 -200 300                                                        
65478 50 52 50 2 -100 4400                                                      
65479 48 52 50 2 0 -200                                                         
65478 47 51 50 2 200 -200                                                       
65478 47 50 50 2 300 -100                                                       
65479 47 49 50 2 300 0                                                          
65478 46 49 50 2 300 100                                                        
65478 46 49 50 2 400 100                                                        
65478 47 49 50 2 400 100                                                        
65479 49 50 50 2 300 100                                                        
65478 51 51 50 2 100 0                                                          
65477 53 51 50 2 -100 -100                                                      
65479 53 51 50 2 -300 -100                                                      
65478 53 51 50 2 -300 -100                                                      
65477 52 51 50 2 -300 -100                                                      
65479 51 47 50 2 -200 -100                                                      
65478 49 48 50 2 -100 300                                                       
65478 48 49 50 2 100 200                                                        
65479 47 48 50 2 200 100                                                        
65479 47 48 50 2 300 200                                                        
65477 48 49 50 2 300 200                                                        
65479 50 51 50 2 200 100                                                        
65477 51 52 50 2 0 -100                                                         
65478 52 53 50 2 -100 -200                                                      
65479 52 52 50 2 -200 -300                                                      
65477 52 47 50 2 -200 -200                                                      
65479 50 47 50 2 -200 300                                                       
65478 50 45 50 2 0 300                                                          
65478 49 49 50 2 0 500                                                          
65479 49 50 50 2 100 100                                                        
65478 48 49 50 2 100 0                                                          
65478 49 50 50 2 200 100                                                        
65478 50 51 30 2 100 0                                                          
65481 50 7 30 2 -2000 -2100                                                     
65480 50 5 30 2 -2000 2300                                                      
65481 50 7 30 2 -2000 2500                                                      
65478 49 52 30 2 -2000 2300                                                     
65478 48 52 30 2 -1900 -2200                                                    
65478 47 53 30 2 -1800 -2200                                                    
65479 47 52 30 2 -1700 -2300                                                    
65477 45 50 30 2 -1700 -2200                                                    
65479 44 49 30 2 -1500 -2000                                                    
65479 43 47 30 2 -1400 -1900                                                    
65478 40 44 30 2 -1300 -1700                                                    
65480 36 44 30 2 -1000 -1400                                                    
65473 34 146 30 2 -600 -1400                                                    
65480 31 39 30 2 -400 -11600                                                    
65474 145 35 30 2 -100 -900                                                     
65479 25 32 30 2 -11500 -500                                                    
65481 24 30 30 2 500 -200                                                       
65482 21 27 30 2 600 0                                                          
65480 20 25 30 2 900 300                                                        
65482 19 24 30 2 1000 500                                                       
65482 19 24 30 2 1100 600                                                       
65481 20 25 30 2 1100 600                                                       
65481 21 26 30 2 1000 500                                                       
65481 22 28 30 2 900 400                                                        
65481 24 29 30 2 800 200                                                        
65480 26 31 30 2 600 100                                                        
65480 29 33 30 2 400 -100                                                       
65481 30 33 30 2 100 -300                                                       
65482 31 5 30 2 0 -300                                                          
65481 31 7 30 2 -100 2500                                                       
65480 32 33 30 2 -100 2300                                                      
65481 32 33 30 2 -200 -300                                                      
65479 32 33 30 2 -200 -300                                                      
65482 31 3 30 2 -200 -300                                                       
65483 30 2 30 2 -100 2700                                                       
65480 29 29 30 2 0 2800                                                         
65480 29 29 30 2 100 100                                                        
65481 29 29 30 2 100 100                                                        
65481 29 30 30 2 100 100                                                        
65480 30 30 30 2 100 0                                                          
65480 30 31 30 2 0 0                                                            
65481 30 31 30 2 0 -100                                                         
65480 31 28 30 2 0 -100                                                         
65481 30 29 30 2 -100 200                                                       
65480 30 31 30 2 0 100                                                          
65481 31 31 30 2 0 -100                                                         
65480 31 31 30 2 -100 -100                                                      
65481 30 31 30 2 -100 -100                                                      
65480 29 30 30 2 0 -100                                                         
65480 30 30 30 2 100 0                                                          
65481 29 29 30 2 0 0                                                            
65481 29 30 30 2 100 100                                                        
65481 30 6 30 2 100 0                                                           
65482 30 5 30 2 0 2400                                                          
65482 30 4 30 2 0 2500                                                          
65481 31 31 30 2 0 2600                                                         
65480 31 32 30 2 -100 -100                                                      
65480 31 33 30 2 -100 -200                                                      
65481 31 33 30 2 -100 -300                                                      
65481 30 5 30 2 -100 -300                                                       
65482 29 6 30 2 0 2500                                                          
65482 29 6 30 2 100 2400                                                        
65482 29 6 30 2 100 2400                                                        
65480 30 31 30 2 100 2400                                                       
65480 31 32 30 2 0 -100                                                         
65482 31 5 30 2 -100 -200                                                       
65480 31 33 30 2 -100 2500                                                      
65480 31 33 30 2 -100 -300                                                      
65481 30 32 30 2 -100 -300                                                      
65481 29 31 30 2 0 -200                                                         
65480 29 30 30 2 100 -100                                                       
65480 29 29 30 2 100 0                                                          
65481 29 29 30 2 100 100                                                        
65480 29 28 30 2 100 100                                                        
65481 30 29 30 2 100 200                                                        
65481 30 29 30 2 0 100                                                          
65480 30 25 30 2 0 100                                                          
65482 30 4 30 2 0 500                                                           
65481 31 31 30 2 0 2600                                                         
65482 31 6 30 2 -100 -100                                                       
65481 31 5 30 2 -100 2400                                                       
65480 32 36 30 2 -100 2500                                                      
65480 33 38 30 2 -200 -600                                                      
65479 32 39 30 2 -300 -800                                                      
65480 32 38 30 2 -200 -900                                                      
65481 31 37 30 2 -200 -800                                                      
65479 30 35 30 2 -100 -700                                                      
65481 27 32 30 2 0 -500                                                         
65481 25 30 30 2 300 -200                                                       
65481 24 28 30 2 500 0                                                          
65481 23 5 30 2 600 200                                                         
65482 23 26 30 2 700 2500                                                       
65481 23 26 30 2 700 400                                                        
65481 25 6 30 2 700 400                                                         
65482 26 29 30 2 500 2400                                                       
65480 28 30 30 2 400 100                                                        
65481 30 31 30 2 200 0                                                          
65480 32 32 30 2 0 -100                                                         
65480 33 28 30 2 -200 -200                                                      
65482 34 4 30 2 -300 200                                                        
65480 34 28 30 2 -400 2600                                                      
65480 34 34 30 2 -400 200                                                       
65480 33 34 30 2 -400 -400                                                      
65480 32 34 30 2 -300 -400                                                      
65482 31 8 30 2 -200 -400                                                       
65482 29 5 30 2 -100 2200                                                       
65481 28 31 30 2 100 2500                                                       
65479 27 30 30 2 200 -100                                                       
65481 27 30 30 2 300 0                                                          
65481 27 30 30 2 300 0                                                          
65480 28 30 30 2 300 0                                                          
65481 28 30 30 2 200 0                                                          
65481 29 30 30 2 200 0                                                          
65480 30 30 30 2 100 0                                                          
65480 32 30 30 2 0 0                                                            
65481 33 31 30 2 -200 0                                                         
65481 34 30 30 2 -300 -100                                                      
65479 34 30 30 2 -400 0                                                         
65481 33 30 30 2 -400 0                                                         
65481 32 30 30 2 -300 0                                                         
65480 31 26 30 2 -200 0                                                         
65480 29 29 30 2 -100 400                                                       
65481 27 29 30 2 100 100                                                        
65480 27 30 30 2 300 100                                                        
65481 28 30 30 2 300 0                                                          
65481 28 30 30 2 200 0                                                          
65481 28 30 30 2 200 0                                                          
65480 29 29 30 2 200 0                                                          
65482 30 6 30 2 100 100                                                         
65482 31 5 30 2 0 2400                                                          
65480 32 29 30 2 -100 2500                                                      
65482 33 4 30 2 -200 100                                                        
65480 33 31 30 2 -300 2600                                                      
65482 33 4 30 2 -300 -100                                                       
65480 33 35 30 2 -300 2600                                                      
65481 32 7 30 2 -300 -500                                                       
65481 31 37 30 2 -200 2300                                                      
65479 31 38 30 2 -100 -700                                                      
65480 31 36 30 2 -100 -800                                                      
65480 30 35 30 0 -100 -600                                                      
65480 28 33 30 0 0 0                                                            
65481 27 32 30 0 0 0                                                            
65481 26 30 30 0 0 0                                                            
65481 25 30 30 0 0 0                                                            
65480 25 30 30 0 0 0                                                            
65482 25 30 30 0 0 0                                                            
65481 25 30 30 0 0 0                                                            
65480 25 30 30 0 0 0                                                            
65481 25 30 30 0 0 0                                                            
65481 25 30 30 0 0 0                                                            
65481 25 30 30 0 0 0                                                            
65481 25 30 30 0 0 0                                                            
65481 25 30 30 0 0 0                                                            
65481 25 30 30 0 0 0                                                            
65480 25 30 30 0 0 0                                                            
65482 25 30 30 0 0 0                                                            
65481 25 30 30 0 0 0                                                            
65480 25 30 30 0 0 0                                                            
65481 25 30 30 0 0 0                                                            
65481 25 30 30 0 0 0                                                            
65482 25 30 30 0 0 0                                                            
65480 25 30 30 0 0 0                                                            
65481 25 30 30 0 0 0                                                            
65481 25 30 30 0 0 0                                                            
65480 25 30 30 0 0 0                                                            
65481 25 30 30 0 0 0                                                            
65482 25 30 30 0 0 0                                                            
65481 25 30 30 0 0 0                                                            
65480 25 30 30 0 0 0                                                            
65481 25 30 30 0 0 0                                                            
65481 25 30 30 0 0 0                                                            
65481 25 30 30 0 0 0                                                            
65481 25 30 30 0 0 0                                                            
65481 25 30 30 0 0 0                                                            
65480 25 30 30 0 0 0                                                            
65481 25 30 30 0 0 0                                                            
65482 25 30 30 0 0 0                                                            
65481 25 30 30 0 0 0                                                            
65480 25 30 30 0 0 0                                                            
65481 25 30 30 0 0 0                                                            
65481 25 30 30 0 0 0                                                            
65480 25 30 30 0 0 0                                                            
65482 25 30 30 0 0 0                                                            
65481 25 30 30 0 0 0                                                            
65481 25 30 30 0 0 0                                                            
65480 25 30 30 0 0 0                                                            
65481 25 30 30 0 0 0                                                            
65482 25 30 30 0 0 0                                                            
65480 25 30 30 0 0 0                                                            
65481 25 30 30 0 0 0                                                            
65481 25 30 30 0 0 0                                                            
65481 25 30 30 0 0 0                                                            
65481 25 30 30 0 0 0                                                            
65481 25 30 30 0 0 0                                                            
65481 25 30 30 0 0 0                                                            
65480 25 30 30 0 0 0                                                            
65481 25 30 30 0 0 0                                                            
65481 25 30 30 0 0 0                                                            
65481 25 30 30 0 0 0                                                            
65481 25 30 30 0 0 0                                                            
65481 25 30 30 0 0 0                                                            
65481 25 30 30 0 0 0                                                            
65480 25 30 30 0 0 0                                                            
65481 25 30 30 0 0 0                                                            
65482 25 30 30 0 0 0                                                            
65480 25 30 30 0 0 0                                                            
65481 25 30 30 0 0 0                                                            
65481 25 30 30 0 0 0                                                            
65481 25 30 30 0 0 0                                                            
65480 25 30 30 0 0 0                                                            
65482 25 30 30 0 0 0                                                            
65481 25 30 30 0 0 0                                                            
65480 25 30 30 0 0 0                                                            
65481 25 30 30 0 0 0                                                            
65481 25 30 30 0 0 0                                                            
65481 25 30 30 0 0 0                                                            
65481 25 30 30 0 0 0                                                            
65481 25 30 30 0 0 0                                                            
65481 25 30 30 0 0 0                                                            
65480 25 30 30 0 0 0                                                            
65481 25 30 30 0 0 0                                                            
65481 25 30 30 0 0 0                                                            
65481 25 30 30 0 0 0                                                            
65481 25 30 30 0 0 0                                                            
65481 25 30 30 0 0 0                                                            
65481 25 30 30 0 0 0                                                            
65480 25 30 30 0 0 0                                                            
65481 25 30 30 0 0 0                                                            
65482 25 30 30 0 0 0                                                            
65480 25 31 30 0 0 0                                                            
65481 25 30 30 0 0 0                                                            
65481 25 30 30 0 0 0                                                            
65481 25 31 30 0 0 0                                                            
65480 25 31 30 0 0 0                                                            
65482 25 30 30 0 0 0                                                            
65481 25 30 30 0 0 0                                                            
65480 25 30 30 0 0 0                                                            
65481 25 31 30 0 0 0                                                            
65481 25 31 30 0 0 0                                                            
65480 25 29 30 0 0 0                                                            
65481 25 30 30 0 0 0                                                            
65482 26 30 30 0 0 0                                                            
65481 27 31 30 0 0 0                                                            
65480 28 31 30 0 0 0                                                            
65480 28 32 30 0 0 0                                                            
65481 28 32 30 0 0 0                                                            
65480 30 33 30 0 0 0                                                            
65481 31 34 30 0 0 0                                                            
65480 33 36 30 0 0 0                                                            
65479 35 37 30 0 0 0                                                            
65481 35 38 30 0 0 0                                                            
65479 37 40 30 0 0 0                                                            
65480 38 42 30 0 0 0                                                            
65479 40 43 30 0 0 0                                                            
65479 42 45 30 0 0 0                                                            
65480 43 46 30 0 0 0                                                            
65478 44 48 30 0 0 0                                                            
65481 46 5 30 0 0 0                                                             
65479 48 51 30 0 0 0                                                            
65477 50 53 30 0 0 0                                                            
65479 51 54 30 0 0 0                                                            
65477 53 56 30 0 0 0                                                            
65478 55 58 30 0 0 0                                                            
65477 59 59 30 0 0 0                                                            
65469 0 61 30 0 0 0
65470 0 62 30 0 0 0
65468 0 64 30 0 0 0
65469 0 65 30 0 0 0
65477 70 66 30 0 0 0
65481 22 37 30 0 0 0
65475 68 69 30 0 0 0
65477 70 70 30 0 0 0
65476 71 70 30 0 0 0
65475 72 70 30 0 0 0
65481 32 33 30 0 0 0
65477 75 37 30 0 0 0
65478 75 36 30 0 0 0
65478 76 36 30 0 0 0
65479 36 32 30 0 0 0
65481 36 34 30 0 0 0
65480 35 35 30 0 0 0
65477 77 37 30 0 0 0
65478 77 37 30 0 0 0
65478 77 38 30 0 0 0
65477 77 39 30 0 0 0
65475 77 78 30 0 0 0
65478 78 38 30 0 0 0
65477 78 40 30 0 0 0
65475 77 77 30 0 0 0
65477 78 38 30 0 0 0
65478 77 38 30 0 0 0
65475 77 77 30 0 0 0
65480 37 33 30 0 0 0
65475 77 77 30 0 0 0
65475 77 77 30 0 0 0
65478 77 39 30 0 0 0
65476 77 77 30 0 0 0
65476 77 37 30 0 0 0
65478 77 38 30 0 0 0
65477 77 39 30 0 0 0
65478 77 38 30 0 0 0
65475 77 78 30 0 0 0
65477 77 38 30 0 0 0
65476 78 78 30 0 0 0
65474 78 78 30 0 0 0
65476 77 77 30 0 0 0
65480 36 33 30 0 0 0
65477 77 38 30 0 0 0
65478 78 38 30 0 0 0
65480 37 33 30 0 0 0
65480 36 33 30 0 0 0
65480 34 35 30 0 0 0
65478 78 37 30 0 0 0
65477 77 37 30 0 0 0
65478 77 37 30 0 0 0
65478 78 38 30 0 0 0
65479 34 35 30 0 0 0
65480 34 36 30 0 0 0
65481 33 36 30 0 0 0
65479 34 36 30 0 0 0
65481 33 36 30 0 0 0
65480 35 34 30 0 0 0
65479 34 36 30 0 0 0
65476 78 77 30 0 0 0
65480 33 37 30 0 0 0
65479 33 37 30 0 0 0
65481 33 36 30 0 0 0
65480 33 35 30 0 0 0
65480 35 34 30 0 0 0
65480 35 35 30 0 0 0
65480 35 34 30 0 0 0
65480 34 35 30 0 0 0
65475 77 78 30 0 0 0
65476 77 77 30 0 0 0
65479 39 31 30 0 0 0
65476 77 77 30 0 0 0
65475 77 77 30 0 0 0
65475 77 77 30 0 0 0
65476 77 77 30 0 0 0
65475 77 74 30 0 0 0
65475 77 77 30 0 0 0
65475 77 77 30 0 0 0
65476 78 77 30 0 0 0
65474 78 77 30 0 0 0
65476 77 77 30 0 0 0
65475 77 77 30 0 0 0
65475 78 78 30 0 0 0
65476 77 77 30 0 0 0
65474 78 77 30 0 0 0
65476 78 78 30 0 0 0
65474 78 78 30 0 0 0
65476 78 78 30 0 0 0
65475 78 78 30 0 0 0
65475 78 78 30 0 0 0
65476 77 77 30 0 0 0
65474 77 78 30 0 0 0
65476 77 78 30 0 0 0
65474 77 77 30 0 0 0
65476 77 77 30 0 0 0
65476 78 78 30 0 0 0
65474 77 78 30 0 0 0
65476 78 77 30 0 0 0
65475 77 78 30 0 0 0
65475 78 78 30 0 0 0
65476 78 77 30 0 0 0
65474 77 77 30 0 0 0
65476 77 78 30 0 0 0
65475 77 77 30 0 0 0
65475 77 77 30 0 0 0
65475 77 78 30 0 0 0
65475 77 77 30 0 0 0
65476 78 78 30 0 0 0
65475 77 77 30 0 0 0
65475 77 77 30 0 0 0
65475 77 77 30 0 0 0
65476 77 77 30 0 0 0
65474 77 77 30 0 0 0
65476 77 78 30 0 0 0
65475 77 78 30 0 0 0
65475 77 78 30 0 0 0
65476 77 77 30 0 0 0
65474 77 78 30 0 0 0
65476 77 78 30 0 0 0
65474 77 77 30 0 0 0
65476 77 77 30 0 0 0
65476 77 78 30 0 0 0
65474 77 78 30 0 0 0
65476 77 77 30 0 0 0
65475 77 77 30 0 0 0
65475 77 78 30 0 0 0
65475 77 78 30 0 0 0
65475 77 78 30 0 0 0
65476 77 77 30 0 0 0
65475 77 77 30 0 0 0
65475 78 77 30 0 0 0
65475 77 78 30 0 0 0
65475 77 78 30 0 0 0
65475 78 78 30 0 0 0
65476 78 77 30 0 0 0
65475 78 77 30 0 0 0
65475 77 78 30 0 0 0
65475 77 77 30 0 0 0
65475 77 78 30 0 0 0
65476 77 77 30 0 0 0
65475 77 78 30 0 0 0
65475 77 78 30 0 0 0
65476 77 77 30 0 0 0
65474 77 78 30 0 0 0
65476 77 77 30 0 0 0
65474 77 78 30 0 0 0
65476 77 77 30 0 0 0
65476 77 77 30 0 0 0
65474 77 78 30 0 0 0
65476 77 78 30 0 0 0
65474 77 78 30 0 0 0
65476 77 77 30 0 0 0
65475 78 77 30 0 0 0
65475 77 77 30 0 0 0
65476 77 77 30 0 0 0
65475 78 77 30 0 0 0
65475 77 77 30 0 0 0
65475 77 77 30 0 0 0
65475 77 77 30 0 0 0
65475 77 77 30 0 0 0
65476 77 77 30 0 0 0
65475 77 77 30 0 0 0
65475 77 77 30 0 0 0
65476 77 77 30 0 0 0
65474 77 77 30 0 0 0
65476 77 77 30 0 0 0
65474 77 77 30 0 0 0
65476 77 77 30 0 0 0
65476 77 78 30 0 0 0
65474 77 77 30 0 0 0
65476 77 78 30 0 0 0
65475 77 77 30 0 0 0
65475 77 78 30 0 0 0
65475 77 77 30 0 0 0
65475 78 77 30 0 0 0
65476 77 77 30 0 0 0
65475 77 77 30 0 0 0
65475 78 78 30 0 0 0
65475 78 77 30 0 0 0
65475 77 77 30 0 0 0
65476 77 77 30 0 0 0
65475 77 77 30 0 0 0
65475 77 77 30 0 0 0
65475 78 78 30 0 0 0
65475 78 77 30 0 0 0
65475 78 77 30 0 0 0
65476 77 77 30 0 0 0
65475 77 77 30 0 0 0
65475 78 78 30 0 0 0
65475 77 78 30 0 0 0
65475 77 77 30 0 0 0
65476 77 78 30 0 0 0
65474 77 77 30 0 0 0
65476 77 78 30 0 0 0
65476 77 77 30 0 0 0
65474 77 77 30 0 0 0
65476 77 75 30 0 0 0
65475 77 77 30 0 0 0
65475 77 77 30 0 0 0
65475 77 77 30 0 0 0
65476 77 78 30 0 0 0
65475 77 78 30 0 0 0
65475 76 77 30 0 0 0
65476 76 77 30 0 0 0
65474 77 77 30 0 0 0
65476 77 77 30 0 0 0
65475 78 77 30 0 0 0
65475 78 76 30 0 0 0
65476 78 76 30 0 0 0
65474 79 76 30 0 0 0
65476 79 76 30 0 0 0
65475 79 75 30 0 0 0
65475 79 75 30 0 0 0
65475 78 75 30 0 0 0
65476 77 75 30 0 0 0
65476 77 74 30 0 0 0
65475 76 74 30 0 0 0
65476 76 73 30 0 0 0
65475 74 73 30 0 0 0
65476 73 73 30 0 0 0
65476 73 73 30 0 0 0
65475 73 72 30 0 0 0
65476 73 73 30 0 0 0
65475 73 72 30 0 0 0
65476 73 72 30 0 0 0
65476 73 73 30 0 0 0
65476 73 72 30 0 0 0
65476 73 72 30 0 0 0
65475 74 72 30 0 0 0
65476 73 73 30 0 0 0
65475 74 72 30 0 0 0
65476 74 72 30 0 0 0
65476 74 72 30 0 0 0
65476 73 72 30 0 0 0
65476 74 72 30 0 0 0
65475 74 73 30 0 0 0
65476 74 72 30 0 0 0
65476 74 73 30 0 0 0
65475 73 72 30 0 0 0
65476 74 73 30 0 0 0
65475 74 72 30 0 0 0
65477 73 72 30 0 0 0
65476 74 72 30 0 0 0
65475 74 72 30 0 0 0
65476 73 72 30 0 0 0
65475 73 72 30 0 0 0
65476 73 73 30 0 0 0
65475 73 72 30 0 0 0
65477 73 73 30 0 0 0
65476 73 72 30 0 0 0
65475 73 72 30 0 0 0
65476 73 72 30 0 0 0
65475 73 72 30 0 0 0
65476 73 72 30 0 0 0
65477 73 72 30 0 0 0
65475 74 72 30 0 0 0
65476 74 72 30 0 0 0
65475 74 72 30 0 0 0
65476 74 73 30 0 0 0
65475 74 72 30 0 0 0
65476 74 72 30 0 0 0
65476 73 72 30 0 0 0
65475 74 72 30 0 0 0
65477 73 72 30 0 0 0
65475 73 72 30 0 0 0
65476 73 72 30 0 0 0
65476 73 71 30 0 0 0
65475 74 72 30 0 0 0
65476 74 72 30 0 0 0
65476 74 72 30 0 0 0
65476 74 72 30 0 0 0
65476 74 72 30 0 0 0
65475 74 72 30 0 0 0
65476 74 73 30 0 0 0
65475 74 72 30 0 0 0
65476 73 72 30 0 0 0
65475 74 72 30 0 0 0
65477 74 72 30 0 0 0
65476 73 72 30 0 0 0
65475 73 72 30 0 0 0
65476 74 72 30 0 0 0
65475 73 72 30 0 0 0
65476 74 72 30 0 0 0
65476 74 72 30 0 0 0
65475 73 73 30 0 0 0
65477 74 72 30 0 0 0
65475 73 72 30 0 0 0
65476 73 73 30 0 0 0
65476 74 72 30 0 0 0
65475 73 73 30 0 0 0
65476 73 72 30 0 0 0
65475 74 72 30 0 0 0
65477 73 73 30 0 0 0
65475 74 72 30 0 0 0
65476 74 72 30 0 0 0
65476 73 72 30 0 0 0
65475 74 72 30 0 0 0
65476 73 72 30 0 0 0
65476 73 72 30 0 0 0
65476 73 72 30 0 0 0
65476 73 73 30 0 0 0
65475 74 73 30 0 0 0
65476 74 72 30 0 0 0
65475 74 72 30 0 0 0
65476 74 72 30 0 0 0
65475 74 72 30 0 0 0
65477 73 72 30 0 0 0
65476 73 72 30 0 0 0
65475 73 73 30 0 0 0
65476 73 72 30 0 0 0
65475 73 72 30 0 0 0
65476 73 72 30 0 0 0
65477 73 72 30 0 0 0
65475 73 72 30 0 0 0
65476 74 72 30 0 0 0
65475 74 72 30 0 0 0
65476 74 72 30 0 0 0
65476 74 72 30 0 0 0
65475 74 72 30 0 0 0
65477 73 72 30 0 0 0
65475 73 72 30 0 0 0
65476 73 72 30 0 0 0
65475 73 72 30 0 0 0
65476 73 72 30 0 0 0
65476 73 72 30 0 0 0
65476 73 72 30 0 0 0
65476 73 72 30 0 0 0
65475 74 72 30 0 0 0
65476 73 72 30 0 0 0
65476 73 72 30 0 0 0
65475 74 73 30 0 0 0
65476 74 72 30 0 0 0
65476 74 72 30 0 0 0
65476 74 72 30 0 0 0
65476 73 72 30 0 0 0
65475 73 72 30 0 0 0
65476 73 72 30 0 0 0
65475 74 72 30 0 0 0
65477 74 72 30 0 0 0
65475 73 73 30 0 0 0
65476 73 72 30 0 0 0
65476 74 72 30 0 0 0
65475 74 72 30 0 0 0
65476 74 72 30 0 0 0
65475 74 72 30 0 0 0
65476 74 72 30 0 0 0
65476 74 72 30 0 0 0
65476 73 72 30 0 0 0
65476 73 72 30 0 0 0
65475 74 72 30 0 0 0
65476 74 73 30 0 0 0
65476 73 72 30 0 0 0
65475 74 72 30 0 0 0
65476 74 72 30 0 0 0
65475 73 72 30 0 0 0
65477 73 72 30 0 0 0
65475 73 72 30 0 0 0
65476 74 72 30 0 0 0
65476 73 72 30 0 0 0
65475 74 73 30 0 0 0
65476 73 73 30 0 0 0
65475 73 72 30 0 0 0
65477 73 72 30 0 0 0
65476 74 72 30 0 0 0
65475 73 72 30 0 0 0
65476 73 72 30 0 0 0
65475 73 72 30 0 0 0
65476 73 72 30 0 0 0
65475 73 72 30 0 0 0
65477 73 72 30 0 0 0
65476 73 72 30 0 0 0
65475 73 72 30 0 0 0
65476 73 72 30 0 0 0
65475 73 73 30 0 0 0
65476 73 73 30 0 0 0
65476 73 73 30 0 0 0
65476 74 72 30 0 0 0
65476 74 72 30 0 0 0
65475 73 73 30 0 0 0
65476 74 73 30 0 0 0
65476 74 72 30 0 0 0
65475 74 72 30 0 0 0
65476 74 72 30 0 0 0
65475 74 72 30 0 0 0
65477 73 72 30 0 0 0
65475 73 72 30 0 0 0
65476 73 73 30 0 0 0
65476 73 72 30 0 0 0
65475 73 72 30 0 0 0
65476 73 72 30 0 0 0
65475 73 72 30 0 0 0
65477 73 72 30 0 0 0
65476 73 72 30 0 0 0
65475 73 73 30 0 0 0
65476 73 72 30 0 0 0
65475 73 72 30 0 0 0
65476 73 72 30 0 0 0
65477 73 73 30 0 0 0
65475 73 72 30 0 0 0
65476 73 72 30 0 0 0
65475 73 72 30 0 0 0
65476 73 72 30 0 0 0
65475 73 72 30 0 0 0
65477 73 72 30 0 0 0
65476 73 72 30 0 0 0
65475 73 72 30 0 0 0
65476 73 72 30 0 0 0
65475 73 72 30 0 0 0
65476 73 72 30 0 0 0
65476 73 72 30 0 0 0
65476 73 72 30 0 0 0
65476 73 72 30 0 0 0
65475 74 72 30 0 0 0
65476 73 72 30 0 0 0
65476 73 72 30 0 0 0
65475 73 72 30 0 0 0
65477 73 72 30 0 0 0
65475 74 72 30 0 0 0
65476 74 72 30 0 0 0
65475 73 73 30 0 0 0
65476 73 72 30 0 0 0
65476 74 72 30 0 0 0
65475 74 72 30 0 0 0
65476 73 72 30 0 0 0
65476 73 72 30 0 0 0
65476 74 72 30 0 0 0
