m4 c2:                                                            
65482 16 17 30 0 0 0                                                            
65483 16 17 30 0 0 0                                                            
65482 16 17 30 0 0 0                                                            
65482 16 17 30 0 0 0                                                            
65482 16 17 30 0 0 0                                                            
65482 16 17 30 0 0 0                                                            
65483 16 17 30 0 0 0                                                            
65481 16 17 30 4 0 0                                                            
65482 16 17 30 4 -255 -38                                                       
65483 16 6 30 4 -201 -99                                                        
65482 16 16 30 4 -255 80                                                        
65481 16 17 30 4 -245 -55                                                       
65482 16 12 30 4 -203 -97                                                       
65482 16 18 30 4 -255 -18                                                       
65481 16 19 30 4 -197 -103                                                      
65482 17 20 30 4 -166 -134                                                      
65482 18 20 30 4 -160 -140                                                      
65481 18 21 30 4 -171 -129                                                      
65481 19 21 30 4 -156 -144                                                      
65481 19 23 30 4 -166 -134                                                      
65482 19 23 30 4 -135 -165                                                      
65480 20 24 30 4 -130 -170                                                      
65481 20 25 30 4 -127 -173                                                      
65481 21 26 30 4 -109 -191                                                      
65482 22 26 30 4 -103 -197                                                      
65480 23 25 30 4 -114 -186                                                      
65481 23 26 30 4 -144 -156                                                      
65481 24 26 30 4 -132 -168                                                      
65480 24 26 30 4 -142 -158                                                      
65481 24 27 30 4 -143 -157                                                      
65481 25 26 30 4 -127 -173                                                      
65481 25 27 30 4 -152 -148                                                      
65480 25 27 30 4 -140 -160                                                      
65481 26 27 30 4 -138 -162                                                      
65481 26 27 30 4 -150 -150                                                      
65480 26 28 30 4 -151 -149                                                      
65481 27 28 30 4 -135 -165                                                      
65480 26 28 30 4 -145 -155                                                      
65480 27 29 30 4 -134 -166                                                      
65481 27 29 30 4 -129 -171                                                      
65481 28 30 30 4 -128 -172                                                      
65480 28 25 30 4 -124 -176                                                      
65480 29 30 30 4 -203 -97                                                       
65481 30 24 30 4 -148 -152                                                      
65481 30 31 30 4 -246 -54                                                       
65479 32 33 30 4 -149 -151                                                      
65480 32 32 30 4 -124 -176                                                      
65481 32 31 30 4 -138 -162                                                      
65479 31 32 30 4 -156 -144                                                      
65480 31 32 30 4 -130 -170                                                      
65481 30 31 30 4 -127 -173                                                      
65479 31 32 30 4 -130 -170                                                      
65480 31 33 30 4 -128 -172                                                      
65481 31 33 30 4 -110 -190                                                      
65480 31 31 30 4 -108 -192                                                      
65480 31 31 30 4 -140 -160                                                      
65480 32 32 30 4 -145 -155                                                      
65480 32 32 30 4 -142 -158                                                      
65480 32 32 30 4 -140 -160                                                      
65480 32 32 30 4 -140 -160                                                      
65480 32 32 30 4 -140 -160                                                      
65480 32 32 30 4 -140 -160                                                      
65480 32 31 30 4 -140 -160                                                      
65480 32 32 30 4 -156 -144                                                      
65480 32 31 30 4 -143 -157                                                      
65480 32 31 30 4 -156 -144                                                      
65481 32 31 30 4 -158 -142                                                      
65479 31 31 30 4 -158 -142                                                      
65480 31 31 30 4 -147 -153                                                      
65481 31 31 30 4 -145 -155                                                      
65480 31 31 30 4 -145 -155                                                      
65480 31 31 30 4 -145 -155                                                      
65480 31 31 30 4 -145 -155                                                      
65480 31 31 30 4 -145 -155                                                      
65480 31 29 30 4 -145 -155                                                      
65480 31 30 30 4 -177 -123                                                      
65481 31 31 30 4 -166 -134                                                      
65479 31 31 30 4 -148 -152                                                      
65481 31 30 30 4 -145 -155                                                      
65480 30 31 30 4 -161 -139                                                      
65480 30 31 30 4 -135 -165                                                      
65480 31 31 50 4 -132 -168                                                      
65480 31 30 50 4 -218 -82                                                       
65481 31 31 50 4 -255 -39                                                       
65479 30 31 50 4 -247 -53                                                       
65481 31 32 50 4 -232 -68                                                       
65480 31 32 50 4 -227 -73                                                       
65479 31 32 50 4 -226 -74                                                       
65481 32 33 50 4 -226 -74                                                       
65480 32 35 50 4 -222 -78                                                       
65479 33 37 50 4 -188 -112                                                      
65480 34 39 50 4 -163 -137                                                      
65479 35 41 50 4 -140 -160                                                      
65479 36 42 50 4 -117 -183                                                      
65477 38 76 50 4 -109 -191                                                      
65477 79 41 50 4 255 -255                                                       
65478 40 41 50 4 -255 255                                                       
65480 41 41 50 4 -230 -70                                                       
65477 77 42 50 4 -193 -107                                                      
65478 40 43 50 4 -255 255                                                       
65479 43 45 50 4 -192 -108                                                      
65478 42 46 50 4 -149 -151                                                      
65479 43 47 50 4 -119 -181                                                      
65479 42 48 50 4 -112 -188                                                      
65478 42 48 50 4 -82 -218                                                       
65478 43 49 50 4 -78 -222                                                       
65479 43 49 50 4 -74 -226                                                       
65478 43 49 50 4 -73 -227                                                       
65479 44 49 50 4 -73 -227                                                       
65478 44 49 50 4 -85 -215                                                       
65478 45 49 50 4 -87 -213                                                       
65479 45 49 50 4 -99 -201                                                       
65478 46 48 50 4 -100 -200                                                      
65478 46 48 50 4 -129 -171                                                      
65481 46 7 50 4 -133 -167                                                       
65481 46 3 50 4 -255 255                                                        
65478 47 49 50 4 -255 255                                                       
65478 47 49 50 4 -241 -59                                                       
65479 47 50 50 4 -128 -172                                                      
65477 48 52 50 4 -112 -188                                                      
65478 49 53 50 4 -89 -211                                                       
65478 49 53 50 4 -82 -218                                                       
65478 49 54 50 4 -80 -220                                                       
65478 50 54 50 4 -64 -236                                                       
65477 50 53 50 4 -74 -226                                                       
65478 51 53 50 4 -92 -208                                                       
65478 51 53 50 4 -107 -193                                                      
65477 51 53 50 4 -108 -192                                                      
65478 52 53 50 4 -108 -192                                                      
65478 52 52 50 4 -120 -180                                                      
65477 52 52 50 4 -138 -162                                                      
65478 52 51 50 4 -140 -160                                                      
65479 52 49 50 4 -156 -144                                                      
65477 52 51 50 4 -191 -109                                                      
65478 52 53 50 4 -163 -137                                                      
65480 52 4 50 4 -127 -173                                                       
65478 52 50 50 4 -255 255                                                       
65478 52 51 50 4 -255 -10                                                       
65477 51 53 50 4 -161 -139                                                      
65478 51 55 50 4 -114 -186                                                      
65478 52 54 50 4 -75 -225                                                       
65480 51 6 50 4 -99 -201                                                        
65481 51 6 50 4 -255 255                                                        
65478 51 56 50 4 -255 255                                                       
65476 52 57 50 4 -176 -124                                                      
65478 54 59 50 4 -48 -252                                                       
65477 56 58 50 4 -39 -255                                                       
65477 56 59 50 4 -78 -222                                                       
65478 55 58 50 4 -67 -233                                                       
65476 57 58 50 4 -68 -232                                                       
65478 56 58 50 4 -94 -206                                                       
65477 57 58 50 4 -84 -216                                                       
65477 56 58 50 4 -95 -205                                                       
65478 57 52 50 4 -84 -216                                                       
65477 57 57 50 4 -192 -108                                                      
65477 57 56 50 4 -128 -172                                                      
65477 57 56 50 4 -132 -168                                                      
65477 57 56 50 4 -134 -166                                                      
65478 57 55 50 4 -134 -166                                                      
65477 57 56 50 4 -150 -150                                                      
65477 57 55 50 4 -137 -163                                                      
65478 57 54 50 4 -150 -150                                                      
65477 56 55 50 4 -168 -132                                                      
65477 56 54 50 4 -143 -157                                                      
65478 56 54 50 4 -155 -145                                                      
65477 56 54 50 4 -157 -143                                                      
65477 56 53 50 4 -157 -143                                                      
65478 55 53 50 4 -173 -127                                                      
65477 55 53 50 4 -163 -137                                                      
65478 55 53 50 4 -162 -138                                                      
65478 54 52 50 4 -162 -138                                                      
65477 54 52 50 4 -166 -134                                                      
65478 54 52 50 4 -167 -133                                                      
65477 54 52 50 4 -167 -133                                                      
65478 53 52 50 4 -167 -133                                                      
65478 53 52 50 4 -155 -145                                                      
65477 53 51 50 4 -153 -147                                                      
65478 53 51 50 4 -170 -130                                                      
65478 53 51 50 4 -172 -128                                                      
65477 52 51 50 4 -172 -128                                                      
65479 52 51 50 4 -160 -140                                                      
65478 52 52 50 4 -158 -142                                                      
65477 52 52 50 4 -143 -157                                                      
65478 52 51 50 4 -140 -160                                                      
65477 52 51 50 4 -156 -144                                                      
65478 52 51 50 4 -158 -142                                                      
65478 52 52 50 4 -158 -142                                                      
65478 52 51 50 4 -143 -157                                                      
65478 52 51 50 4 -156 -144                                                      
65478 52 51 30 4 -158 -142                                                      
65477 51 50 30 4 -84 -216                                                       
65478 52 50 30 4 -63 -237                                                       
65477 51 50 30 4 -77 -223                                                       
65479 51 50 30 4 -65 -235                                                       
65478 51 48 30 4 -64 -236                                                       
65477 51 47 30 4 -97 -203                                                       
65479 50 47 30 4 -118 -182                                                      
65478 50 46 30 4 -108 -192                                                      
65478 50 46 30 4 -123 -177                                                      
65479 50 44 30 4 -125 -175                                                      
65478 49 43 30 4 -157 -143                                                      
65478 48 42 30 4 -166 -134                                                      
65479 46 41 30 4 -171 -129                                                      
65479 47 41 30 4 -163 -137                                                      
65478 46 39 30 4 -176 -124                                                      
65479 44 39 30 4 -197 -103                                                      
65480 43 38 30 4 -176 -124                                                      
65478 42 37 30 4 -177 -123                                                      
65480 41 36 30 4 -182 -118                                                      
65479 41 36 30 4 -187 -113                                                      
65479 40 35 30 4 -188 -112                                                      
65480 38 33 30 4 -192 -108                                                      
65480 38 33 30 4 -201 -99                                                       
65479 36 33 30 4 -203 -97                                                       
65480 37 32 30 4 -178 -122                                                      
65480 36 32 30 4 -205 -95                                                       
65479 35 31 30 4 -196 -104                                                      
65480 34 31 30 4 -198 -102                                                      
65481 34 31 30 4 -187 -113                                                      
65479 33 31 30 4 -186 -114                                                      
65480 33 32 30 4 -173 -127                                                      
65481 33 31 30 4 -156 -144                                                      
65479 32 30 30 4 -170 -130                                                      
65480 32 32 30 4 -176 -124                                                      
65481 32 31 30 4 -145 -155                                                      
65480 32 31 30 4 -156 -144                                                      
65479 32 31 30 4 -158 -142                                                      
65481 32 31 30 4 -158 -142                                                      
65480 32 32 30 4 -158 -142                                                      
65480 32 31 30 4 -143 -157                                                      
65480 32 32 30 4 -156 -144                                                      
65480 32 32 30 4 -143 -157                                                      
65480 32 31 30 4 -140 -160                                                      
65480 32 31 30 4 -156 -144                                                      
65480 32 31 30 4 -158 -142                                                      
65480 32 31 30 4 -158 -142                                                      
65480 32 31 30 4 -158 -142                                                      
65480 32 31 30 4 -158 -142                                                      
65481 32 31 30 4 -158 -142                                                      
65479 32 32 30 4 -158 -142                                                      
65480 32 31 30 0 -143 -157                                                      
65481 32 32 30 0 0 0                                                            
65480 32 32 30 0 0 0                                                            
65480 32 31 30 0 0 0                                                            
65481 32 32 30 0 0 0                                                            
65480 32 32 30 0 0 0                                                            
65481 32 31 30 0 0 0                                                            
65480 32 32 30 0 0 0                                                            
