65481 30 29 30 0 0 0
65481 30 29 30 0 0 0
65480 30 29 30 0 0 0
65481 30 30 30 0 0 0
65481 30 29 30 0 0 0
65480 30 29 30 0 0 0
65481 30 29 30 0 0 0
65481 30 29 30 0 0 0
65480 30 29 30 0 0 0
65481 30 29 30 0 0 0
65481 30 29 30 0 0 0
65481 30 29 30 0 0 0
65480 30 29 30 0 0 0
65481 30 29 30 0 0 0
65480 30 29 30 0 0 0
65480 30 30 30 0 0 0
65481 30 30 30 0 0 0
65481 30 29 30 0 0 0
65480 30 29 30 0 0 0
65481 30 29 30 0 0 0
65481 30 29 30 0 0 0
65481 30 30 30 0 0 0
65480 30 30 30 0 0 0
65481 30 29 30 0 0 0
65481 30 29 30 0 0 0
65480 30 29 30 0 0 0
65481 30 29 30 0 0 0
65481 30 29 30 0 0 0
65481 30 29 30 0 0 0
65480 30 29 30 0 0 0
65481 30 30 30 0 0 0
65481 30 29 30 0 0 0
65479 30 30 30 0 0 0
65481 30 29 30 0 0 0
65481 30 30 30 0 0 0
65480 30 30 30 0 0 0
65481 30 29 30 0 0 0
65481 30 29 30 0 0 0
65481 30 30 30 0 0 0
65480 30 29 30 0 0 0
65481 30 29 30 0 0 0
65481 30 29 30 0 0 0
65480 30 29 30 0 0 0
65481 30 29 30 0 0 0
65481 30 29 30 0 0 0
65480 30 29 30 0 0 0
65481 30 30 30 0 0 0
65481 30 29 30 0 0 0
65481 30 29 30 0 0 0
65479 30 30 30 0 0 0
65481 30 29 30 0 0 0
65481 30 29 30 0 0 0
65480 30 29 30 0 0 0
65481 30 30 30 0 0 0
65481 30 30 30 0 0 0
65480 30 29 30 0 0 0
65481 30 29 30 0 0 0
65481 30 29 30 0 0 0
65481 30 29 30 0 0 0
65480 30 29 30 0 0 0
65481 30 29 30 0 0 0
65481 30 29 30 0 0 0
65480 30 30 30 0 0 0
65481 30 29 30 0 0 0
65481 30 29 30 0 0 0
65481 30 29 30 0 0 0
65480 30 29 30 0 0 0
65481 30 29 30 0 0 0
65481 30 29 30 0 0 0
65479 30 29 30 0 0 0
65481 30 29 30 0 0 0
65481 30 30 30 0 0 0
65480 30 29 30 0 0 0
65481 30 30 30 0 0 0
65481 30 29 30 0 0 0
65481 30 30 30 0 0 0
65480 30 29 30 0 0 0
65481 30 29 30 0 0 0
65481 30 29 30 0 0 0
65480 30 29 30 0 0 0
65481 30 29 30 0 0 0
65481 30 30 30 0 0 0
65480 30 29 30 0 0 0
65481 30 29 30 0 0 0
65481 30 29 30 0 0 0
65481 30 29 30 0 0 0
65480 30 29 30 0 0 0
65480 30 30 30 0 0 0
65481 30 29 30 0 0 0
65480 30 30 30 0 0 0
65481 30 29 30 0 0 0
65481 30 29 30 0 0 0
65480 30 29 30 0 0 0
65481 30 29 30 0 0 0
65481 30 29 30 0 0 0
65481 30 29 30 0 0 0
65480 30 30 30 0 0 0
65481 30 29 30 0 0 0
65481 30 30 30 0 0 0
65480 30 29 30 0 0 0
65481 30 29 30 0 0 0
65481 30 29 30 0 0 0
65481 30 29 30 0 0 0
65480 30 29 30 0 0 0
65481 30 29 30 0 0 0
65481 30 29 30 0 0 0
65479 30 30 30 0 0 0
65481 30 29 30 0 0 0
65481 30 29 30 0 0 0
65480 30 29 30 0 0 0
65481 30 29 30 0 0 0
65481 30 29 30 0 0 0
65481 30 29 30 0 0 0
65480 30 29 30 0 0 0
65481 30 29 30 0 0 0
65481 30 30 30 0 0 0
65480 30 30 30 0 0 0
65481 30 29 30 0 0 0
65481 30 29 30 0 0 0
65480 30 29 30 0 0 0
65481 30 30 30 0 0 0
65481 30 29 30 0 0 0
65481 30 30 30 0 0 0
65480 30 30 30 0 0 0
65481 30 29 30 0 0 0
65480 30 29 30 0 0 0
65480 30 29 30 0 0 0
65481 30 29 30 0 0 0
65481 30 30 30 0 0 0
65480 30 29 30 0 0 0
65481 30 29 30 0 0 0
65481 30 29 30 0 0 0
65481 30 29 30 0 0 0
65480 30 29 30 0 0 0
65481 30 29 30 0 0 0
65481 30 29 30 0 0 0
65480 30 29 30 0 0 0
65481 30 29 30 0 0 0
65481 30 29 30 0 0 0
65481 30 29 30 0 0 0
65480 30 29 30 0 0 0
65481 30 29 30 0 0 0
65481 30 29 30 0 0 0
65480 30 29 30 0 0 0
65481 30 29 30 0 0 0
65480 30 29 30 0 0 0
65480 30 29 30 0 0 0
65481 30 29 30 0 0 0
65481 30 29 30 0 0 0
65481 30 30 30 0 0 0
65480 30 29 30 0 0 0
65481 30 29 30 0 0 0
65481 30 29 30 0 0 0
65480 30 29 30 0 0 0
65481 30 29 30 0 0 0
65481 30 29 30 0 0 0
65480 30 29 30 0 0 0
65481 30 29 30 0 0 0
65481 30 29 30 0 0 0
65481 30 29 30 0 0 0
65480 30 29 30 0 0 0
65481 30 30 30 0 0 0
65481 30 29 30 0 0 0
65480 30 29 30 0 0 0
65480 30 30 30 0 0 0
65481 30 29 30 0 0 0
65480 30 29 30 0 0 0
65481 30 29 30 0 0 0
65481 30 30 30 0 0 0
65481 30 29 30 0 0 0
65480 30 29 30 0 0 0
65481 30 29 30 0 0 0
65481 30 29 30 0 0 0
65480 30 29 30 0 0 0
65481 30 29 30 0 0 0
65481 30 29 30 0 0 0
65481 30 29 30 0 0 0
65480 30 29 30 0 0 0
65481 30 29 30 0 0 0
65481 30 29 30 0 0 0
65480 30 29 30 0 0 0
65481 30 29 30 0 0 0
65481 30 29 30 0 0 0
65480 30 29 30 0 0 0
65481 30 29 30 0 0 0
65480 30 29 30 0 0 0
65481 30 30 30 0 0 0
65480 30 30 30 0 0 0
65481 30 29 30 0 0 0
65481 30 29 30 0 0 0
65480 30 29 30 0 0 0
65481 30 29 30 0 0 0
65481 30 29 30 0 0 0
65480 30 29 30 0 0 0
65481 30 29 30 0 0 0
65481 30 29 30 0 0 0
65481 30 29 30 0 0 0
65480 30 29 30 0 0 0
65481 30 29 30 0 0 0
65481 30 29 30 0 0 0
65480 30 29 30 0 0 0
65481 30 29 30 0 0 0
65480 30 29 30 0 0 0
65480 30 30 30 0 0 0
65481 30 29 30 0 0 0
65481 30 29 30 0 0 0
65481 30 29 30 0 0 0
65480 30 29 30 0 0 0
65481 30 30 30 0 0 0
65481 30 29 30 0 0 0
65480 30 30 30 0 0 0
65481 30 29 30 0 0 0
65481 30 30 30 0 0 0
65481 30 29 30 0 0 0
65480 30 29 30 0 0 0
65481 30 29 30 0 0 0
65481 30 29 30 0 0 0
65480 30 29 30 0 0 0
65481 30 29 30 0 0 0
65481 30 29 30 0 0 0
65480 30 30 30 0 0 0
65480 30 29 30 0 0 0
65481 30 30 30 0 0 0
65481 30 30 30 0 0 0
65480 30 29 30 0 0 0
65481 30 29 30 0 0 0
65481 30 29 30 0 0 0
65480 30 30 30 0 0 0
65481 30 29 30 0 0 0
65481 30 30 30 0 0 0
65480 30 29 30 0 0 0
65481 30 30 30 0 0 0
65481 30 30 30 0 0 0
65481 30 29 30 0 0 0
65480 30 29 30 0 0 0
65481 30 30 30 0 0 0
65480 30 30 30 0 0 0
65480 30 30 30 0 0 0
65481 30 30 30 0 0 0
65481 30 29 30 0 0 0
65480 30 29 30 0 0 0
65481 30 29 30 0 0 0
65481 30 29 30 0 0 0
65481 30 29 30 0 0 0
65480 30 29 30 0 0 0
65481 30 29 30 0 0 0
65481 30 29 30 0 0 0
65480 30 29 30 0 0 0
65481 30 29 30 0 0 0
65481 30 29 30 0 0 0
65481 30 30 30 0 0 0
65480 30 29 30 0 0 0
65481 30 30 30 0 0 0
65480 30 30 30 0 0 0
65480 30 29 30 0 0 0
65481 30 29 30 0 0 0
65481 30 30 30 0 0 0
65480 30 29 30 0 0 0
65481 30 29 30 0 0 0
65481 30 29 30 0 0 0
65481 30 29 30 0 0 0
65480 30 29 30 0 0 0
65481 30 29 30 0 0 0
65481 30 29 30 0 0 0
65480 30 30 30 0 0 0
65481 30 29 30 0 0 0
65481 30 30 30 0 0 0
65480 30 30 30 0 0 0
65481 30 29 30 0 0 0
65481 30 29 30 0 0 0
65480 30 30 30 0 0 0
65480 30 30 30 0 0 0
65481 30 29 30 0 0 0
65481 30 30 30 0 0 0
65480 30 30 30 0 0 0
65481 30 29 30 0 0 0
65481 30 29 30 0 0 0
65480 30 30 30 0 0 0
65481 30 29 30 0 0 0
65481 30 29 30 0 0 0
65481 30 29 30 0 0 0
65480 30 29 30 0 0 0
65481 30 29 30 0 0 0
65481 30 29 30 0 0 0
65480 30 29 30 0 0 0
65481 30 29 30 0 0 0
65481 30 29 30 0 0 0
65480 30 30 30 0 0 0
65480 30 29 30 0 0 0
65481 30 29 30 0 0 0
65481 30 30 30 0 0 0
65480 30 29 30 0 0 0
65481 30 29 30 0 0 0
65481 30 29 30 0 0 0
65480 30 29 30 0 0 0
65481 30 29 30 0 0 0
65481 30 29 30 0 0 0
65481 30 29 30 0 0 0
65480 30 29 30 0 0 0
65481 30 29 30 0 0 0
65481 30 29 30 0 0 0
65480 30 29 30 0 0 0
65481 30 29 30 0 0 0
65481 30 30 30 0 0 0
65480 30 29 30 0 0 0
65481 30 29 30 0 0 0
65480 30 29 30 0 0 0
65481 30 29 30 0 0 0
65480 30 29 30 0 0 0
65481 30 30 30 0 0 0
65481 30 29 30 0 0 0
65480 30 29 30 0 0 0
65481 30 30 30 0 0 0
65481 30 30 30 0 0 0
65480 30 29 30 0 0 0
65481 30 30 30 0 0 0
65481 30 30 30 0 0 0
65481 30 29 30 0 0 0
65480 30 30 30 0 0 0
65481 30 30 30 0 0 0
65481 30 29 30 0 0 0
65479 30 29 30 0 0 0
65481 30 29 30 0 0 0
65481 30 30 30 0 0 0
65481 30 30 30 0 0 0
65480 30 29 30 0 0 0
65481 30 29 30 0 0 0
65481 30 30 30 0 0 0
65480 30 29 30 0 0 0
65481 30 29 30 0 0 0
65481 30 29 30 0 0 0
65480 30 29 30 0 0 0
65481 30 29 30 0 0 0
65481 30 29 30 0 0 0
65481 30 29 30 0 0 0
65480 30 29 30 0 0 0
65481 30 29 30 0 0 0
65481 30 30 30 0 0 0
65480 30 29 30 0 0 0
65480 30 29 30 0 0 0
65481 30 30 30 0 0 0
65480 30 29 30 0 0 0
65481 30 30 30 0 0 0
65481 30 29 30 0 0 0
65481 30 29 30 0 0 0
65480 30 29 30 0 0 0
65481 30 29 30 0 0 0
65481 30 30 30 0 0 0
65480 30 30 30 0 0 0
65481 30 29 30 0 0 0
65481 30 29 30 0 0 0
65480 30 29 30 0 0 0
65481 30 29 30 0 0 0
65481 30 29 30 0 0 0
65481 30 29 30 0 0 0
65480 30 29 30 0 0 0
65481 30 29 30 0 0 0
65480 30 29 30 0 0 0
65480 30 30 30 0 0 0
65481 30 30 30 0 0 0
65481 30 29 30 0 0 0
65481 30 29 30 0 0 0
65480 30 29 30 0 0 0
65481 30 29 30 0 0 0
65481 30 29 30 0 0 0
65480 30 29 30 0 0 0
65481 30 29 30 0 0 0
65481 30 29 30 0 0 0
65480 30 29 30 0 0 0
65481 30 29 30 0 0 0
65481 30 30 30 0 0 0
65481 30 30 30 0 0 0
65480 30 29 30 0 0 0
65481 30 29 30 0 0 0
65480 30 30 30 0 0 0
65480 30 29 30 0 0 0
65481 30 30 30 0 0 0
65481 30 30 30 0 0 0
65480 30 30 30 0 0 0
65481 30 30 30 0 0 0
65481 30 30 30 0 0 0
65481 30 30 30 0 0 0
65480 30 29 30 0 0 0
65481 30 29 30 0 0 0
65481 30 30 30 0 0 0
65480 30 30 30 0 0 0
65481 30 30 30 0 0 0
65481 30 29 30 0 0 0
65479 30 29 30 0 0 0
65481 30 29 30 0 0 0
m65481 30 30 30 0 0 0
65481 30 30 30 0 0 0
65480 30 29 30 0 0 0
65481 30 30 30 0 0 0
165481 30 29 30 0 0 0
65480 30 29 30 0 0 0
65481 30 29 30 0 0 0
65481 30 29 30 0 0 0
65481 30 30 30 0 0 0
65480 30 29 30 0 0 0
65481 30 30 30 0 0 0
65481 30 29 30 0 0 0
65480 30 29 30 0 0 0
65481 30 30 30 0 0 0
65480 30 29 30 0 0 0
65480 30 29 30 0 0 0
65481 30 29 30 0 0 0
65481 30 30 30 0 0 0
+65481 30 30 30 0 0 0
65480 30 30 30 1 0 0
65481 30 29 30 1 0 0
65481 30 29 30 1 0 0
65480 30 29 30 1 0 0
65481 30 30 30 1 0 0
65481 30 29 30 1 0 0
65480 30 29 30 1 0 0
65481 30 29 30 1 0 0
65481 30 30 30 1 0 0
65480 30 29 30 1 0 0
65480 30 29 30 1 0 0
65481 30 30 30 1 0 0
65481 30 29 30 1 0 0
65480 30 29 30 1 0 0
65481 30 30 30 1 0 0
65481 30 29 30 1 0 0
65480 30 29 30 1 0 0
65481 30 29 30 1 0 0
65481 30 29 30 1 0 0
65481 30 29 30 1 0 0
65480 30 30 30 1 0 0
65481 30 29 30 1 0 0
65481 30 29 30 1 0 0
65480 30 29 30 1 0 0
65481 30 29 30 1 0 0
65481 30 29 30 1 0 0
65479 30 29 30 1 0 0
65481 30 29 30 1 0 0
65481 30 29 30 1 0 0
65481 30 29 30 1 0 0
65480 30 29 30 1 0 0
65481 30 29 30 1 0 0
65481 30 29 30 1 0 0
65480 30 29 30 1 0 0
65481 30 29 30 1 0 0
65481 30 29 30 1 0 0
65481 30 29 30 1 0 0
65480 30 29 30 1 0 0
65481 30 29 30 1 0 0
65481 30 29 30 1 0 0
65480 30 29 30 1 0 0
65481 30 29 30 1 0 0
65481 30 29 30 1 0 0
65480 30 29 30 1 0 0
65481 30 29 30 1 0 0
65481 30 29 30 1 0 0
65481 30 29 30 1 0 0
65480 30 29 30 1 0 0
65481 30 29 30 1 0 0
65481 30 29 30 1 0 0
65480 30 29 30 1 0 0
65481 30 29 30 1 0 0
65481 30 29 30 1 0 0
65480 30 29 30 1 0 0
65481 30 29 30 1 0 0
65480 30 29 30 1 0 0
65481 30 29 30 1 0 0
65480 30 29 30 1 0 0
65481 30 29 30 1 0 0
65481 30 29 30 1 0 0
65480 30 29 30 1 0 0
65481 30 29 30 1 0 0
65481 30 29 30 1 0 0
65481 30 29 30 1 0 0
65480 30 29 30 1 0 0
65481 30 29 30 1 0 0
65481 30 29 30 1 0 0
65480 30 29 30 1 0 0
65481 30 29 30 1 0 0
65481 30 29 30 1 0 0
r65480 30 29 30 1 0 0
65481 30 29 30 1 0 0
65481 30 29 30 1 0 0
65481 30 29 30 1 0 0
565480 30 29 30 1 0 0
65481 30 29 30 1 0 0
65481 30 29 30 1 0 0
650480 30 29 30 1 0 0
65480 30 29 30 1 0 0
65481 30 29 30 1 0 0
65480 30 29 30 1 0 0
65481 30 30 30 1 0 0
65481 30 29 30 1 0 0
65481 30 29 30 1 0 0
65480 30 29 30 1 0 0
65481 30 29 30 1 0 0
65481 30 29 30 1 0 0
65480 30 30 30 1 0 0
65481 30 30 30 1 0 0
65481 30 29 30 1 0 0
6+5480 30 29 30 1 0 0
65481 30 29 50 1 0 0
65480 30 30 50 1 100 100
65481 30 29 50 1 100 100
65480 31 30 50 1 100 100
65480 31 31 50 1 100 100
65481 32 32 50 1 100 100
65479 33 33 50 1 100 100
65481 34 34 50 1 100 100
65480 35 35 50 1 100 100
65479 37 36 50 1 100 100
65480 38 38 50 1 100 100
65480 39 33 50 1 100 100
65479 40 35 50 1 100 100
65479 41 40 50 1 100 100
65479 42 42 50 1 100 100
65479 44 43 50 1 100 100
65479 44 44 50 1 100 100
65479 46 45 50 1 100 100
65478 47 47 50 1 100 100
65479 48 45 50 1 100 100
65478 49 46 50 1 100 100
65478 51 50 50 1 100 100
65478 52 51 50 1 0 0
65478 53 52 50 1 -100 -100
65478 53 52 50 1 -100 -100
65478 53 51 50 1 -100 -100
65478 52 51 50 1 -100 -100
65478 52 50 50 1 -100 -100
65478 51 50 50 1 0 0
65478 51 50 50 1 0 0
65478 51 49 50 1 0 0
65479 50 49 50 1 0 0
65478 50 50 50 1 0 0
65478 50 49 50 1 0 0
65479 50 50 50 1 0 0
65478 50 49 50 1 0 0
65478 50 49 50 1 0 0
65479 50 50 50 1 0 0
65478 50 50 50 1 0 0
65478 50 50 50 1 0 0
65479 50 50 50 1 0 0
65478 51 50 50 1 0 0
65478 50 50 50 1 0 0
65479 50 50 50 1 0 0
65478 50 49 50 1 0 0
65478 50 50 50 1 0 0
65478 50 50 50 1 0 0
65479 51 50 50 1 0 0
65478 51 50 50 1 0 0
65478 51 50 50 1 0 0
65478 50 50 50 1 0 0
65479 50 50 50 1 0 0
65478 50 50 50 1 0 0
65478 50 50 50 1 0 0
65479 50 49 50 1 0 0
65478 50 49 50 1 0 0
65478 50 49 50 1 0 0
65479 50 49 50 1 0 0
65478 50 50 50 1 0 0
65478 50 49 50 1 0 0
65479 51 50 50 1 0 0
65478 50 49 50 1 0 0
65478 50 49 50 1 0 0
65479 51 50 50 1 0 0
65478 50 50 50 1 0 0
65478 50 50 50 1 0 0
65478 50 50 50 1 0 0
65479 50 50 50 1 0 0
65478 50 50 50 1 0 0
65478 51 50 50 1 0 0
65479 50 50 50 1 0 0
65478 50 50 50 1 0 0
65478 50 50 50 1 0 0
65479 50 50 50 1 0 0
65478 50 50 50 1 0 0
65478 50 50 50 1 0 0
65479 50 50 50 1 0 0
65478 50 49 50 1 0 0
65478 50 49 50 1 0 0
65479 50 50 50 1 0 0
r65478 51 50 50 1 0 0
65478 50 49 50 1 0 0
365479 50 50 50 1 0 0
65477 50 50 50 1 0 0
65479 50 50 50 1 0 0
65479 50 50 50 1 0 0
65477 50 49 50 1 0 0
65479 50 50 50 1 0 0
065479 50 50 50 1 0 0
65477 51 50 50 1 0 0
65479 50 50 50 1 0 0
65479 50 50 50 1 0 0
65477 50 49 50 1 0 0
65479 50 50 50 1 0 0
65479 50 50 50 1 0 0
65477 50 50 50 1 0 0
65479 50 50 50 1 0 0
65479 50 50 50 1 0 0
65477 50 50 50 1 0 0
65479 50 50 50 1 0 0
65478 50 50 50 1 0 0
65478 50 50 50 1 0 0
65479 50 50 50 1 0 0
+65477 50 50 30 1 0 0
65479 50 46 30 1 -100 -100
65479 50 49 30 1 -100 -100
65477 49 48 30 1 -100 -100
65479 49 48 30 1 -100 -100
65479 48 47 30 1 -100 -100
65478 47 47 30 1 -100 -100
65479 46 45 30 1 -100 -100
65479 45 44 30 1 -100 -100
65478 43 43 30 1 -100 -100
65479 42 42 30 1 -100 -100
65480 41 41 30 1 -100 -100
65479 40 35 30 1 -100 -100
65480 39 33 30 1 -100 -100
65480 37 33 30 1 -100 -100
65479 36 35 30 1 -100 -100
65480 35 34 30 1 -100 -100
65480 34 33 30 1 -100 -100
65480 33 31 30 1 -100 -100
65480 31 30 30 1 -100 -100
65481 30 29 30 1 0 0
65480 30 29 30 1 0 0
65481 29 29 30 1 0 0
65481 29 28 30 1 100 100
65481 29 28 30 1 100 100
65480 30 29 30 1 100 100
65481 30 29 30 1 0 0
65481 30 29 30 1 0 0
65479 31 29 30 1 0 0
65481 30 30 30 1 0 0
65481 30 29 30 1 0 0
65481 30 29 30 1 0 0
65480 30 30 30 1 0 0
65481 30 29 30 1 0 0
65481 30 30 30 1 0 0
65480 30 30 30 1 0 0
65481 30 29 30 1 0 0
65481 31 29 30 1 0 0
65480 30 29 30 1 0 0
65481 30 29 30 1 0 0
65480 30 29 30 1 0 0
65481 31 29 30 1 0 0
65480 31 29 30 1 0 0
65481 30 29 30 1 0 0
65481 30 29 30 1 0 0
65480 30 29 30 1 0 0
65481 30 29 30 1 0 0
65481 30 29 30 1 0 0
65480 30 29 30 1 0 0
65481 31 29 30 1 0 0
65481 30 29 30 1 0 0
65481 30 29 30 1 0 0
65479 30 29 30 1 0 0
65481 30 29 30 1 0 0
65481 30 29 30 1 0 0
65480 30 29 30 1 0 0
65481 30 29 30 1 0 0
65481 30 29 30 1 0 0
65480 30 29 30 1 0 0
65481 31 29 30 1 0 0
65481 30 29 30 1 0 0
65481 30 29 30 1 0 0
65480 30 29 30 1 0 0
65481 30 29 30 1 0 0
65481 30 29 30 1 0 0
65479 30 29 30 1 0 0
c65481 31 29 30 1 0 0
65481 30 29 30 1 0 0
65480 30 29 30 1 0 0
65481 31 29 30 1 0 0
65481 30 29 30 1 0 0
65481 31 30 30 1 0 0
65480 30 29 30 1 0 0
165481 30 30 30 1 0 0
65481 30 29 30 1 0 0
65480 30 29 30 1 0 0
65480 30 29 30 1 0 0
65481 30 29 30 1 0 0
65481 30 29 30 1 0 0
65480 31 29 30 1 0 0
65481 30 30 30 1 0 0
65481 31 29 30 1 0 0
65480 30 29 30 1 0 0
65481 30 29 30 1 0 0
65481 30 29 30 1 0 0
65480 30 29 30 1 0 0
65481 30 29 30 1 0 0
65480 30 29 30 1 0 0
65481 30 29 30 1 0 0
65480 30 29 30 1 0 0
65481 30 29 30 1 0 0
65481 30 29 30 1 0 0
65480 31 29 30 1 0 0
65481 30 29 30 1 0 0
65481 30 29 30 1 0 0
65480 30 29 30 1 0 0
65481 30 30 30 1 0 0
65481 30 29 30 1 0 0
65480 31 30 30 1 0 0
+65480 30 30 30 1 0 0
65481 31 29 30 1 0 0
65481 30 29 30 1 -100 -100
65480 30 29 30 1 0 0
65481 30 29 30 1 0 0
65481 30 29 30 1 0 0
65480 30 29 30 1 0 0
65480 30 29 30 1 0 0
65481 30 30 30 1 0 0
65481 30 30 30 1 0 0
65480 30 30 30 1 0 0
65481 30 29 30 1 0 0
65481 30 29 30 1 0 0
65480 30 30 30 1 0 0
65481 30 30 30 1 0 0
65481 30 29 30 1 0 0
65480 30 29 30 1 0 0
65481 30 29 30 1 0 0
65480 30 29 30 1 0 0
65481 30 29 30 1 0 0
65480 30 30 30 1 0 0
65481 30 29 30 1 0 0
65481 30 29 30 1 0 0
65480 30 29 30 1 0 0
65481 30 29 30 1 0 0
65481 30 29 30 1 0 0
65480 30 29 30 1 0 0
65481 30 29 30 1 0 0
65481 30 29 30 1 0 0
65481 30 29 30 1 0 0
65480 30 30 30 1 0 0
65480 30 30 30 1 0 0
65481 30 29 30 1 0 0
65480 30 30 30 1 0 0
65481 30 29 30 1 0 0
65481 30 30 30 1 0 0
65481 30 29 30 1 0 0
65480 30 29 30 1 0 0
65481 30 29 30 1 0 0
65481 30 29 30 1 0 0
65480 30 29 30 1 0 0
r65481 30 30 30 1 0 0
65481 30 29 30 1 0 0
65479 30 30 30 1 0 0
65481 30 29 30 1 0 0
65481 30 30 30 1 0 0
65481 30 29 30 1 0 0
65480 30 29 30 1 0 0
65481 30 29 30 1 0 0
65481 30 29 30 1 0 0
65480 30 29 30 1 0 0
65481 30 29 30 1 0 0
65481 30 29 30 1 0 0
65480 30 29 30 1 0 0
655481 30 29 30 1 0 0
65480 30 29 30 1 0 0
65481 30 30 30 1 0 0
65480 30 29 30 1 0 0
065481 30 29 30 1 0 0
65481 30 29 30 1 0 0
65480 30 29 30 1 0 0
65481 30 29 30 1 0 0
65481 30 29 30 1 0 0
65480 30 29 30 1 0 0
65481 30 29 30 1 0 0
65481 30 29 30 1 0 0
65481 30 30 30 1 0 0
65479 30 29 30 1 0 0
65481 30 29 30 1 0 0
65481 30 29 30 1 0 0
65480 30 29 30 1 0 0
+65481 30 29 30 1 0 0
65481 30 29 50 1 0 0
65480 30 26 50 1 2000 2000
65481 31 30 50 1 2000 2000
65480 33 32 50 1 1900 1900
65480 35 35 50 1 1700 1700
65479 37 38 50 1 1500 1500
65479 40 40 50 1 1200 1200
65479 43 43 50 1 1000 1000
65478 45 44 50 1 700 700
65479 48 45 50 1 500 500
65479 51 47 50 1 200 200
65477 54 53 50 1 -100 -100
65478 55 55 50 1 -400 -400
65477 55 55 50 1 -500 -500
65478 54 53 50 1 -500 -500
65478 53 52 50 1 -400 -400
65478 51 49 50 1 -300 -300
65478 48 47 50 1 -100 -100
65479 46 46 50 1 200 200
65478 45 45 50 1 400 400
65479 45 45 50 1 500 500
65479 46 45 50 1 500 500
65478 48 48 50 1 400 400
65479 50 48 50 1 200 200
65478 52 51 50 1 0 0
65480 53 7 50 1 -200 -200
65481 54 6 50 1 -300 -300
65478 53 52 50 1 -400 -400
65477 52 50 50 1 -300 -300
65479 50 48 50 1 -200 -200
65479 48 44 50 1 0 0
65478 46 46 50 1 200 200
65479 46 42 50 1 400 400
65478 47 43 50 1 400 400
65479 49 47 50 1 300 300
65478 51 49 50 1 100 100
65478 52 50 50 1 -100 -100
65478 53 51 50 1 -200 -200
65478 52 51 50 1 -300 -300
65478 52 49 50 1 -200 -200
65478 50 49 50 1 -200 -200
65479 48 46 50 1 0 0
65478 48 45 50 1 200 200
65479 47 45 50 1 200 200
65479 48 46 50 1 300 300
65477 50 48 50 1 200 200
65479 51 49 50 1 0 0
65478 52 50 50 1 -100 -100
65478 52 51 50 1 -200 -200
65478 52 50 50 1 -200 -200
65478 51 49 50 1 -200 -200
65478 50 47 50 1 -100 -100
65479 48 46 50 1 0 0
65478 47 45 50 1 200 200
65479 47 45 50 1 300 300
65479 48 46 50 1 300 300
65478 49 48 50 1 200 200
65478 51 49 50 1 100 100
65478 53 51 50 1 -100 -100
65478 53 51 50 1 -300 -300
65478 53 50 50 1 -300 -300
65478 51 49 50 1 -300 -300
65478 50 47 50 1 -100 -100
65479 48 45 50 1 0 0
65479 47 44 50 1 200 200
65478 46 44 50 1 300 300
65479 47 45 50 1 400 400
65478 49 47 50 1 300 300
65478 50 48 50 1 100 100
65479 52 50 50 1 0 0
65477 53 51 50 1 -200 -200
65479 53 50 50 1 -300 -300
r65478 53 50 50 1 -300 -300
65477 51 48 50 1 -300 -300
65479 50 46 50 1 -100 -100
65479 48 45 50 1 0 0
65478 46 44 50 1 200 200
65479 45 43 50 1 400 400
635479 46 44 50 1 500 500
65478 47 44 50 1 400 400
65479 49 46 50 1 300 300
65479 51 49 50 1 100 100
605477 53 50 50 1 -100 -100
65478 54 51 50 1 -300 -300
65477 54 50 50 1 -400 -400
65479 53 49 50 1 -400 -400
65478 51 47 50 1 -300 -300
65478 49 45 50 1 -100 -100
65479 47 43 50 1 100 100
65479 47 43 50 1 300 300
65478 47 44 50 1 300 300
65479 48 44 50 1 300 300
65479 49 46 50 1 200 200
65477 51 47 50 1 100 100
65479 53 49 50 1 -100 -100
65478 53 49 50 1 -300 -300
65478 53 48 50 1 -300 -300
65478 52 47 50 1 -300 -300
65479 50 46 50 1 -200 -200
65478 49 44 50 1 0 0
65479 47 43 50 1 100 100
65479 47 42 50 1 300 300
65478 47 43 50 1 300 300
65479 48 44 50 1 300 300
65479 50 46 50 1 200 200
65477 51 47 50 1 0 0
65479 52 48 50 1 -100 -100
65477 53 48 50 1 -200 -200
65479 52 48 50 1 -300 -300
65478 51 47 50 1 -200 -200
65478 50 45 50 1 -100 -100
65479 48 44 50 1 0 0
65479 47 43 50 1 200 200
65478 47 44 50 1 300 300
65479 48 44 50 1 300 300
65479 49 45 50 1 200 200
65478 50 46 50 1 100 100
65478 51 49 50 1 0 0
65479 53 49 50 1 -100 -100
65477 53 49 50 1 -300 -300
65479 52 49 50 1 -300 -300
65478 51 47 50 1 -200 -200
65478 49 45 50 1 -100 -100
65479 48 45 50 1 100 100
65478 47 44 50 1 200 200
65479 47 44 50 1 300 300
65479 48 45 50 1 300 300
65478 49 46 50 1 200 200
65478 51 48 50 1 100 100
65479 52 49 50 1 -100 -100
65477 53 50 50 1 -200 -200
65478 53 50 50 1 -300 -300
65479 51 48 50 1 -300 -300
65477 50 46 50 1 -100 -100
65479 48 45 50 1 0 0
65479 47 45 50 1 200 200
65478 47 44 50 1 300 300
65479 48 44 50 1 300 300
65479 49 46 50 1 200 200
65478 50 47 50 1 100 100
65478 51 48 50 1 0 0
65479 52 49 50 1 -100 -100
65477 53 49 50 1 -200 -200
65479 52 49 50 1 -300 -300
65477 50 47 50 1 -200 -200
65479 49 46 50 1 0 0
65479 49 46 50 1 100 100
65478 48 45 50 1 100 100
65479 48 46 50 1 200 200
65478 49 46 50 1 200 200
65478 50 47 50 1 100 100
65478 52 49 50 1 0 0
65479 52 49 50 1 -200 -200
65478 52 48 50 1 -200 -200
65478 51 48 50 1 -200 -200
65479 49 46 50 1 -100 -100
65478 48 45 50 1 100 100
65479 48 45 50 1 200 200
65478 48 46 50 1 200 200
65478 49 46 50 1 200 200
65479 50 48 50 1 100 100
65477 51 49 50 1 0 0
65479 52 50 50 1 -100 -100
65478 52 49 50 1 -200 -200
65478 52 49 50 1 -200 -200
65478 50 48 50 1 -200 -200
65479 49 47 50 1 0 0
65478 48 45 50 1 100 100
+65479 48 45 50 1 200 200
65479 48 46 30 1 200 200
65477 49 46 30 1 -1800 -1800
65479 49 45 30 1 -1900 -1900
65479 47 44 30 1 -1900 -1900
65478 46 43 30 1 -1700 -1700
65479 44 40 30 1 -1600 -1600
65480 42 38 30 1 -1400 -1400
65479 39 36 30 1 -1200 -1200
65480 37 33 30 1 -900 -900
65480 34 30 30 1 -700 -700
65480 31 27 30 1 -400 -400
65481 28 24 30 1 -100 -100
65481 26 22 30 1 200 200
65481 24 20 30 1 400 400
65481 24 21 30 1 600 600
65482 25 21 30 1 600 600
65481 26 23 30 1 500 500
65481 28 25 30 1 400 400
65480 30 27 30 1 200 200
65481 31 29 30 1 0 0
65480 33 30 30 1 -100 -100
65480 34 30 30 1 -300 -300
65481 34 31 30 1 -400 -400
65479 33 30 30 1 -400 -400
65481 32 29 30 1 -300 -300
65481 30 26 30 1 -200 -200
65481 28 24 30 1 0 0
65480 27 23 30 1 200 200
65482 26 22 30 1 300 300
65481 27 23 30 1 400 400
65480 28 24 30 1 300 300
65481 30 26 30 1 200 200
65481 31 28 30 1 0 0
65481 32 29 30 1 -100 -100
65480 32 29 30 1 -200 -200
65480 32 28 30 1 -200 -200
65481 32 28 30 1 -200 -200
65480 31 27 30 1 -200 -200
65481 30 25 30 1 -100 -100
65481 28 25 30 1 0 0
65480 28 23 30 1 200 200
65481 28 24 30 1 200 200
65482 28 24 30 1 200 200
65481 29 25 30 1 200 200
65480 31 26 30 1 100 100
65480 31 27 30 1 -100 -100
65481 32 28 30 1 -100 -100
65480 31 27 30 1 -200 -200
65481 31 26 30 1 -100 -100
65481 30 26 30 1 -100 -100
65481 30 25 30 1 0 0
65480 29 25 30 1 0 0
65481 29 25 30 1 100 100
65481 29 25 30 1 100 100
65480 30 25 30 1 100 100
65481 30 26 30 1 0 0
65481 30 26 30 1 0 0
65480 30 26 30 1 0 0
65482 30 26 30 1 0 0
65481 30 26 30 1 0 0
65481 30 26 30 1 0 0
65480 30 26 30 1 0 0
65481 30 26 30 1 0 0
65481 30 26 30 1 0 0
65480 29 26 30 1 0 0
65482 30 25 30 1 100 100
65480 30 26 30 1 0 0
65482 30 26 30 1 0 0
65480 31 26 30 1 0 0
65481 30 26 30 1 -100 -100
65481 30 26 30 1 0 0
65480 30 26 30 1 0 0
65481 30 26 30 1 0 0
65481 30 26 30 1 0 0
65480 30 26 30 1 0 0
65481 30 26 30 1 0 0
65482 30 26 30 1 0 0
65481 30 26 30 1 0 0
65480 30 26 30 1 0 0
65481 30 26 30 1 0 0
65481 30 26 30 1 0 0
65480 30 26 30 1 0 0
65481 30 26 30 1 0 0
65481 30 26 30 1 0 0
65482 30 26 30 1 0 0
65480 30 26 30 1 0 0
65481 30 26 30 1 0 0
65481 30 26 30 1 0 0
65480 30 26 30 1 0 0
c65481 30 26 30 1 0 0
65481 30 26 30 1 0 0
65480 30 26 30 1 0 0
65482 30 26 30 1 0 0
65481 30 26 30 1 0 0
65481 30 26 30 1 0 0
265480 30 26 30 1 0 0
65481 29 25 30 1 0 0
65481 29 25 30 1 100 100
65480 30 26 30 1 100 100
65481 30 26 30 1 0 0
65481 30 26 30 1 0 0
65481 30 26 30 1 0 0
65481 30 26 30 1 0 0
65481 30 27 30 1 0 0
65481 30 27 30 1 0 0
65480 30 26 30 1 0 0
65481 30 26 30 1 0 0
65481 30 26 30 1 0 0
65480 30 27 30 1 0 0
65481 30 27 30 1 0 0
65481 30 27 30 1 0 0
65481 30 27 30 1 0 0
65480 30 27 30 1 0 0
+65481 30 26 30 1 0 0
65481 30 26 30 1 0 0
65481 30 26 30 1 0 0
65481 30 26 30 1 0 0
65481 30 26 30 1 0 0
65481 30 26 30 1 0 0
65480 30 26 30 1 0 0
65481 30 26 30 1 0 0
65481 30 26 30 1 0 0
65480 30 26 30 1 0 0
65482 30 26 30 1 0 0
65481 30 26 30 1 0 0
65480 30 26 30 1 0 0
65481 30 26 30 1 0 0
65481 30 26 30 1 0 0
65481 30 26 30 1 0 0
65480 30 26 30 1 0 0
65481 30 26 30 1 0 0
65482 30 26 30 1 0 0
65480 30 26 30 1 0 0
65481 30 26 30 1 0 0
65481 30 26 30 1 0 0
65481 30 26 30 1 0 0
65480 30 26 30 1 0 0
65481 30 26 30 1 0 0
65481 30 26 30 1 0 0
65480 30 26 30 1 0 0
65481 30 27 30 1 0 0
65482 30 26 30 1 0 0
65481 30 26 30 1 0 0
65480 30 27 30 1 0 0
65481 30 27 30 1 0 0
65481 30 26 30 1 0 0
65480 30 26 30 1 0 0
65481 30 26 30 1 0 0
65481 30 26 30 1 0 0
65480 30 26 30 1 0 0
65482 30 26 30 1 0 0
65481 30 26 30 1 0 0
65481 30 26 30 1 0 0
65480 30 26 30 1 0 0
65481 30 26 30 1 0 0
65481 30 26 30 1 0 0
65480 30 26 30 1 0 0
65481 30 26 30 1 0 0
65482 30 26 30 1 0 0
65481 30 26 30 1 0 0
65480 30 26 30 1 0 0
65481 30 26 30 1 0 0
65481 30 26 30 1 0 0
65480 30 26 30 1 0 0
r65481 30 26 30 1 0 0
65481 30 26 30 1 0 0
65481 30 26 30 1 0 0
65481 30 26 30 1 0 0
65481 30 26 30 1 0 0
65481 30 26 30 1 0 0
565480 30 26 30 1 0 0
65481 30 26 30 1 0 0
65481 30 26 30 1 0 0
65480 30 26 30 1 0 0
65481 30 26 30 1 0 0
65481 30 26 30 1 0 0
065482 30 26 30 1 0 0
65480 30 26 30 1 0 0
65481 30 26 30 1 0 0
65481 30 26 30 1 0 0
65480 30 26 30 1 0 0
65481 30 26 30 1 0 0
+65481 30 26 30 1 0 0
65480 30 26 30 1 0 0
65481 30 26 50 1 0 0
65481 30 26 50 1 255 255
65481 31 27 50 1 255 255
65480 32 28 50 1 255 255
65481 34 30 50 1 255 255
65480 36 32 50 1 255 255
65479 38 34 50 1 255 255
65480 41 36 50 1 255 255
65479 43 39 50 1 240 240
65478 45 43 50 1 255 255
65479 48 44 50 1 190 190
65479 51 47 50 1 -5 -5
65477 53 49 50 1 -145 -145
65479 53 49 50 1 -180 -180
65478 54 49 50 1 -55 -55
65477 53 49 50 1 -190 -190
65479 53 48 50 1 -20 -20
65477 53 48 50 1 -105 -105
65479 52 47 50 1 -120 -120
65478 51 46 50 1 -15 -15
65478 51 46 50 1 25 25
65479 51 46 50 1 -50 -50
65479 51 45 50 1 -55 -55
65478 49 45 50 1 -60 -60
65478 50 45 50 1 175 175
65479 50 45 50 1 -80 -80
65478 50 45 50 1 -10 -10
65479 49 46 50 1 -10 -10
65479 50 45 50 1 110 110
65478 50 45 50 1 -75 -75
65478 49 45 50 1 -5 -5
65479 49 45 50 1 115 115
65478 50 45 50 1 50 50
65479 51 45 50 1 -65 -65
65479 50 45 50 1 -115 -115
65478 50 45 50 1 70 70
65479 50 45 50 1 0 0
65479 50 45 50 1 0 0
65477 51 45 50 1 0 0
65479 50 45 50 1 -120 -120
65478 50 45 50 1 65 65
65479 50 45 50 1 -5 -5
65479 50 44 50 1 -5 -5
65478 50 44 50 1 -5 -5
65479 50 44 50 1 -5 -5
65479 49 44 50 1 -5 -5
65478 50 44 50 1 115 115
65479 50 45 50 1 -70 -70
65479 50 45 50 1 0 0
65478 50 45 50 1 0 0
65479 50 45 50 1 0 0
65479 50 44 50 1 0 0
65477 50 45 50 1 0 0
65479 50 46 50 1 0 0
65479 50 45 50 1 0 0
65478 50 45 50 1 0 0
65479 50 45 50 1 0 0
65479 50 44 50 1 0 0
65478 50 45 50 1 0 0
65479 50 45 50 1 0 0
65479 50 45 50 1 0 0
65478 50 45 50 1 0 0
65479 50 45 50 1 0 0
65479 50 45 50 1 0 0
65478 50 45 50 1 0 0
65479 50 45 50 1 0 0
65479 50 45 50 1 0 0
65478 50 45 50 1 0 0
65479 50 44 50 1 0 0
65478 50 44 50 1 0 0
65479 50 45 50 1 0 0
65479 50 45 50 1 0 0
65478 50 45 50 1 0 0
65479 50 44 50 1 0 0
65479 50 45 50 1 0 0
65478 50 44 50 1 0 0
65479 50 45 50 1 0 0
65479 51 45 50 1 0 0
65478 50 44 50 1 -120 -120
65479 50 44 50 1 65 65
65479 50 44 50 1 -5 -5
65478 50 44 50 1 -5 -5
65478 50 45 50 1 -5 -5
65479 50 44 50 1 -5 -5
65478 50 44 50 1 -5 -5
65479 50 45 50 1 -5 -5
65479 50 44 50 1 -5 -5
65478 50 45 50 1 -5 -5
65479 50 45 50 1 -5 -5
65479 50 45 50 1 -5 -5
65478 50 45 50 1 -5 -5
65479 50 45 50 1 -5 -5
65479 50 45 50 1 -5 -5
65478 50 45 50 1 -5 -5
65479 50 45 50 1 -5 -5
65479 50 45 50 1 -5 -5
65478 50 45 50 1 -5 -5
65479 50 45 50 1 -5 -5
r65478 50 45 50 1 -5 -5
65479 50 45 50 1 -5 -5
65479 50 45 50 1 -5 -5
65477 50 45 50 1 -5 -5
365479 49 45 50 1 -5 -5
65479 50 45 50 1 115 115
65478 50 44 50 1 -70 -70
065479 50 45 50 1 0 0
65479 50 45 50 1 0 0
65478 50 44 50 1 0 0
65479 50 44 50 1 0 0
65479 49 44 50 1 0 0
65478 50 45 50 1 120 120
65479 50 45 50 1 -65 -65
65+479 49 45 50 1 5 5
65477 50 45 30 1 125 125
65479 50 45 30 1 -255 -255
65479 50 44 30 1 -255 -255
65478 48 44 30 1 -255 -255
65479 47 42 30 1 -255 -255
65479 44 39 30 1 -255 -255
65479 44 37 30 1 -255 -255
65480 42 35 30 1 -255 -255
65480 38 32 30 1 -255 -255
65479 36 31 30 1 -110 -110
65481 33 27 30 1 -190 -190
65481 32 25 30 1 0 0
65471 0 24 30 1 -105 -105
65481 28 21 30 1 255 255
65481 26 19 30 1 -255 -255
65481 25 18 30 1 255 255
65482 25 19 30 1 255 255
65481 26 20 30 1 210 210
65480 28 21 30 1 115 115
65472 0 22 30 1 -35 -35
65481 30 23 30 1 255 255
65480 30 24 30 1 -255 -255
65481 30 25 30 1 15 15
65482 30 25 30 1 15 15
65480 31 25 30 1 15 15
65481 30 25 30 1 -105 -105
65481 30 24 30 1 80 80
65481 31 24 30 1 10 10
65480 30 24 30 1 -110 -110
65481 30 24 30 1 75 75
65481 31 24 30 1 5 5
65480 31 24 30 1 -115 -115
65481 30 23 30 1 -50 -50
65481 31 23 30 1 65 65
65482 29 23 30 1 -125 -125
65480 30 23 30 1 180 180
65481 30 24 30 1 -75 -75
65481 31 25 30 1 -5 -5
65480 31 24 30 1 -125 -125
65472 0 23 30 1 -60 -60
65481 29 23 30 1 255 255
65480 29 23 30 1 -255 -255
65472 0 23 30 1 35 35
65480 29 24 30 1 255 255
65481 30 24 30 1 -255 -255
65472 0 24 30 1 -80 -80
65470 0 23 30 1 255 255
65481 31 23 30 1 255 255
65481 30 24 30 1 -255 -255
65480 31 25 30 1 60 60
65481 31 24 30 1 -130 -130
65481 32 24 30 1 -65 -65
65480 30 23 30 1 -190 -190
65472 0 24 30 1 110 110
65470 0 25 30 1 255 255
65481 32 25 30 1 150 150
65481 32 26 30 1 -255 -255
65471 0 25 30 1 -105 -105
65481 33 25 30 1 255 255
65480 33 26 30 1 -255 -255
65471 0 25 30 1 -165 -165
65479 67 26 30 1 255 255
65468 67 0 30 1 -255 -255
65479 66 26 30 1 -255 -255
65468 65 0 30 1 -255 -255
65480 63 21 30 1 -255 -255
65479 60 18 30 1 -255 -255
65479 57 16 30 1 -255 -255
65480 55 13 30 1 -255 -255
65472 53 153 30 1 -255 -255
65472 0 6 30 1 -255 -255
65472 0 5 30 1 255 255
65473 0 3 30 1 255 255
65472 0 2 30 1 255 255
65483 11 4 30 1 255 255
65473 0 4 30 1 255 255
65465 0 125 30 1 255 255
65481 51 10 30 1 -255 -255
65479 52 11 30 1 255 255
65478 51 62 30 1 -255 -255
65481 51 9 30 1 -255 -255
65479 50 10 30 1 -255 -255
65470 49 0 30 1 -255 -255
65471 47 170 30 1 -255 -255
65482 46 4 30 1 -255 -255
65472 0 2 30 1 255 255
65474 173 2 30 1 255 255
65483 11 2 30 1 -255 -255
65472 198 2 30 1 255 255
65474 178 2 30 1 -255 -255
65473 178 2 30 1 -255 -255
65484 8 2 30 1 -255 -255
65474 169 2 30 1 255 255
65474 167 2 30 1 -255 -255
65476 145 2 30 1 -255 -255
65483 9 2 30 1 -255 -255
65483 7 2 30 1 255 255
65476 140 2 30 1 255 255
65476 144 3 30 1 -255 -255
65475 145 2 30 1 -255 -255
65483 10 2 30 1 -255 -255
65484 10 2 30 1 255 255
65482 9 2 30 1 255 255
65484 10 3 30 1 255 255
65483 14 5 30 1 255 255
65473 139 59 30 1 255 255
65474 148 8 30 1 -255 -255
65481 46 10 30 1 -255 -255
65480 46 9 30 1 255 255
65481 46 9 30 1 -255 -255
65478 45 54 30 1 -255 -255
65482 46 7 30 1 -255 -255
65472 45 151 30 1 -255 -255
65472 0 4 30 1 -255 -255
65472 0 3 30 1 255 255
65473 0 2 30 1 255 255
65472 0 2 30 1 255 255
65482 40 3 30 1 255 255
65481 39 4 30 1 -255 -255
65481 37 7 30 1 -255 -255
65482 37 4 30 1 -240 -240
65483 11 4 30 1 -255 -255
65482 10 4 30 1 255 255
65484 11 4 30 1 255 255
65483 12 5 30 1 255 255
65483 12 9 30 1 255 255
65481 15 10 30 1 255 255
65483 17 12 30 1 255 255
65482 19 16 30 1 255 255
65482 22 19 30 1 255 255
65480 25 20 30 1 125 125
65481 28 24 30 1 15 15
65482 29 25 30 1 -110 -110
65480 31 26 30 1 -10 -10
65480 31 27 30 1 -175 -175
65481 30 27 30 1 -40 -40
65481 30 27 30 1 75 75
65480 31 28 30 1 5 5
65481 30 30 30 1 -115 -115
65481 30 30 30 1 70 70
65479 31 31 30 1 0 0
65481 31 27 30 1 -120 -120
65481 33 32 30 1 -55 -55
65482 33 5 30 1 -255 -255
65479 33 34 30 1 -160 -160
65480 33 35 30 1 -255 -255
65480 33 35 30 1 -255 -255
65480 32 35 30 1 -255 -255
65480 32 36 30 1 -255 -255
65482 32 4 30 1 -255 -255
65479 31 35 30 1 155 155
65481 31 36 30 1 -255 -255
65480 30 34 30 1 -255 -255
65480 30 33 30 1 -95 -95
65480 30 33 30 1 -135 -135
65483 29 5 30 1 -220 -220
65482 29 4 30 1 245 245
65480 29 32 30 1 -30 -30
65482 29 1 30 1 -255 -255
65481 29 32 30 1 185 185
65479 29 32 30 1 -255 -255
65481 30 32 30 1 -170 -170
65482 29 4 30 1 -180 -180
65481 29 33 30 1 170 170
65481 29 6 30 1 -255 -255
65482 29 4 30 1 245 245
65481 30 33 30 1 -30 -30
65479 30 34 30 1 -255 -255
65481 31 33 30 1 -255 -255
65480 31 35 30 1 -155 -155
65479 32 34 30 1 -255 -255
65481 33 35 30 1 -220 -220
65480 35 36 30 1 -255 -255
65480 36 38 30 1 -255 -255
65478 38 39 30 1 -255 -255
65480 39 40 30 1 -255 -255
65480 39 40 30 1 -255 -255
65478 39 41 30 1 -255 -255
65480 39 41 30 1 -255 -255
65480 37 40 30 1 -255 -255
65478 37 40 30 1 -255 -255
65480 36 39 30 1 -255 -255
65480 35 39 30 1 -255 -255
65479 33 37 30 1 -255 -255
65481 31 34 30 1 -255 -255
65480 29 32 30 1 -100 -100
m65480 27 30 30 1 -90 -90
65482 25 28 30 1 0 0
65481 23 27 30 1 100 100
65482 23 7 30 1 90 90
065481 23 27 30 1 255 255
65482 23 15 30 1 -245 -245
65482 23 10 30 1 255 255
65482 11 11 30 1 250 250
65481 25 31 30 1 255 255
65483 11 4 30 1 -255 -255+
65482 9 31 30 0 255 255
65479 31 31 30 0 0 0
65483 11 10 30 0 0 0
65481 29 32 30 0 0 0
65483 28 7 30 0 0 0
65479 29 32 30 0 0 0
65481 29 32 30 0 0 0
65483 29 5 30 0 0 0
65480 29 32 30 0 0 0
65480 28 32 30 0 0 0
65481 29 32 30 0 0 0
65480 28 32 30 0 0 0
65481 28 31 30 0 0 0
65481 28 32 30 0 0 0
65481 28 32 30 0 0 0
65480 28 32 30 0 0 0
65480 28 32 30 0 0 0
65481 28 32 30 0 0 0
65480 28 32 30 0 0 0
65481 28 32 30 0 0 0
65481 28 32 30 0 0 0
65480 28 32 30 0 0 0
65481 28 32 30 0 0 0
65481 28 32 30 0 0 0
65481 28 32 30 0 0 0
65479 28 32 30 0 0 0
65481 28 32 30 0 0 0
65481 28 32 30 0 0 0
65480 28 32 30 0 0 0
65481 29 32 30 0 0 0
65481 29 32 30 0 0 0
65481 29 32 30 0 0 0
65479 29 32 30 0 0 0
65481 29 32 30 0 0 0
65481 29 32 30 0 0 0
65480 29 32 30 0 0 0
65481 29 32 30 0 0 0
65481 29 32 30 0 0 0
65480 29 32 30 0 0 0
65480 29 32 30 0 0 0
65481 29 32 30 0 0 0
65480 29 32 30 0 0 0
65481 29 32 30 0 0 0
65481 29 32 30 0 0 0
65481 29 32 30 0 0 0
65480 28 32 30 0 0 0
65480 28 32 30 0 0 0
65481 28 32 30 0 0 0
65480 28 32 30 0 0 0
65481 28 32 30 0 0 0
65481 28 32 30 0 0 0
65481 28 32 30 0 0 0
65480 28 32 30 0 0 0
65481 28 32 30 0 0 0
65481 28 32 30 0 0 0
65479 29 32 30 0 0 0
65481 28 32 30 0 0 0
65483 28 6 30 0 0 0
65480 28 32 30 0 0 0
65480 28 32 30 0 0 0
65481 28 32 30 0 0 0
65481 28 32 30 0 0 0
65480 28 32 30 0 0 0
65481 28 32 30 0 0 0
65481 28 32 30 0 0 0
65480 28 32 30 0 0 0
65481 28 32 30 0 0 0
65480 28 32 30 0 0 0
65480 28 32 30 0 0 0
65481 28 32 30 0 0 0
65481 28 32 30 0 0 0
65481 28 32 30 0 0 0
65480 28 32 30 0 0 0
65481 28 32 30 0 0 0
65481 28 32 30 0 0 0
65479 28 32 30 0 0 0
65481 28 32 30 0 0 0
65481 28 32 30 0 0 0
65480 28 32 30 0 0 0
65481 28 32 30 0 0 0
65481 28 32 30 0 0 0
65481 28 32 30 0 0 0
65479 29 32 30 0 0 0
65481 29 32 30 0 0 0
65481 29 32 30 0 0 0
65480 29 32 30 0 0 0
65481 29 32 30 0 0 0
65481 29 32 30 0 0 0
65480 29 32 30 0 0 0
65480 29 32 30 0 0 0
65481 29 32 30 0 0 0
65481 29 32 30 0 0 0
65480 29 32 30 0 0 0
65481 29 32 30 0 0 0
65481 29 32 30 0 0 0
65480 29 32 30 0 0 0
65480 28 33 30 0 0 0
65481 29 32 30 0 0 0
65480 28 32 30 0 0 0
65481 28 32 30 0 0 0
65481 28 32 30 0 0 0
65481 28 32 30 0 0 0
65480 28 32 30 0 0 0
65480 28 32 30 0 0 0
65481 28 32 30 0 0 0
65480 28 32 30 0 0 0
65481 28 32 30 0 0 0
65481 28 32 30 0 0 0
65480 28 32 30 0 0 0
65481 29 32 30 0 0 0
65480 29 32 30 0 0 0
65481 29 32 30 0 0 0
65480 29 32 30 0 0 0
65481 29 32 30 0 0 0
65481 29 32 30 0 0 0
65480 29 32 30 0 0 0
65481 29 32 30 0 0 0
65480 29 32 30 0 0 0
65480 29 32 30 0 0 0
65481 29 32 30 0 0 0
65481 29 32 30 0 0 0
65481 29 32 30 0 0 0
65480 29 32 30 0 0 0
65480 29 32 30 0 0 0
65481 28 32 30 0 0 0
65480 29 32 30 0 0 0
65481 29 32 30 0 0 0
65481 29 32 30 0 0 0
65481 29 32 30 0 0 0
65479 29 32 30 0 0 0
65481 29 32 30 0 0 0
65481 29 32 30 0 0 0
65480 29 32 30 0 0 0
65481 29 32 30 0 0 0
65481 29 32 30 0 0 0
65479 29 32 30 0 0 0
65481 29 32 30 0 0 0
65481 29 32 30 0 0 0
65480 29 32 30 0 0 0
65481 29 32 30 0 0 0
65481 29 32 30 0 0 0
65480 28 32 30 0 0 0
65480 29 32 30 0 0 0
65481 28 32 30 0 0 0
65481 29 32 30 0 0 0
65480 29 32 30 0 0 0
65481 29 32 30 0 0 0
65481 29 32 30 0 0 0
65479 29 32 30 0 0 0
65481 29 32 30 0 0 0
65481 29 32 30 0 0 0
65481 29 32 30 0 0 0
65480 29 32 30 0 0 0
65481 29 32 30 0 0 0
65480 29 32 30 0 0 0
65480 29 32 30 0 0 0
65481 29 32 30 0 0 0
65481 29 32 30 0 0 0
65481 29 32 30 0 0 0
65480 29 32 30 0 0 0
65480 29 32 30 0 0 0
65481 29 32 30 0 0 0
65480 29 32 30 0 0 0
65481 29 32 30 0 0 0
65481 29 32 30 0 0 0
65480 29 32 30 0 0 0
65481 29 32 30 0 0 0
65480 29 32 30 0 0 0
65480 29 32 30 0 0 0
65481 29 32 30 0 0 0
65481 29 32 30 0 0 0
65481 29 32 30 0 0 0
65480 29 32 30 0 0 0
65481 29 32 30 0 0 0
65480 29 32 30 0 0 0
65480 29 32 30 0 0 0
65481 29 32 30 0 0 0
65481 29 32 30 0 0 0
65481 29 32 30 0 0 0
65480 29 32 30 0 0 0
65481 29 32 30 0 0 0
65480 29 32 30 0 0 0
65480 29 32 30 0 0 0
65481 29 32 30 0 0 0
65481 29 32 30 0 0 0
65480 29 32 30 0 0 0
65481 29 32 30 0 0 0
65481 29 32 30 0 0 0
65480 29 32 30 0 0 0
65480 29 32 30 0 0 0
65481 28 32 30 0 0 0
65481 29 32 30 0 0 0
65480 29 32 30 0 0 0
65481 28 32 30 0 0 0
65481 29 32 30 0 0 0
65479 29 32 30 0 0 0
65481 29 32 30 0 0 0
65481 28 32 30 0 0 0
65481 29 32 30 0 0 0
65480 28 32 30 0 0 0
65481 28 32 30 0 0 0
65481 28 32 30 0 0 0
65479 29 32 30 0 0 0
65481 28 32 30 0 0 0
65481 29 32 30 0 0 0
65480 28 32 30 0 0 0
65481 28 32 30 0 0 0
65481 28 32 30 0 0 0
65481 28 32 30 0 0 0
65479 28 32 30 0 0 0
65481 28 32 30 0 0 0
65481 28 32 30 0 0 0
65480 28 32 30 0 0 0
65481 28 32 30 0 0 0
65481 28 32 30 0 0 0
65480 28 32 30 0 0 0
65481 28 32 30 0 0 0
65480 28 32 30 0 0 0
65481 28 32 30 0 0 0
65482 28 5 30 0 0 0
65481 28 32 30 0 0 0
65480 28 32 30 0 0 0
65480 28 32 30 0 0 0
65481 28 32 30 0 0 0
65481 28 32 30 0 0 0
65480 28 32 30 0 0 0
65481 28 32 30 0 0 0
65481 28 32 30 0 0 0
65481 28 32 30 0 0 0
65479 28 32 30 0 0 0
65481 28 32 30 0 0 0
65481 28 32 30 0 0 0
65480 28 32 30 0 0 0
65481 28 32 30 0 0 0
65481 28 32 30 0 0 0
65480 28 32 30 0 0 0
65481 28 32 30 0 0 0
65481 28 32 30 0 0 0
65480 28 32 30 0 0 0
65480 28 32 30 0 0 0
65481 28 32 30 0 0 0
65481 28 32 30 0 0 0
65480 28 32 30 0 0 0
65481 29 32 30 0 0 0
65481 29 32 30 0 0 0
65479 29 32 30 0 0 0
65481 29 32 30 0 0 0
65481 29 32 30 0 0 0
65481 28 32 30 0 0 0
65480 28 32 30 0 0 0
65481 28 32 30 0 0 0
65481 29 32 30 0 0 0
65480 29 32 30 0 0 0
65480 29 32 30 0 0 0
65481 29 32 30 0 0 0
65481 29 32 30 0 0 0
65480 29 32 30 0 0 0
65481 29 32 30 0 0 0
65481 29 32 30 0 0 0
65479 29 32 30 0 0 0
65481 28 32 30 0 0 0
65481 28 32 30 0 0 0
65480 28 32 30 0 0 0
65481 28 32 30 0 0 0
65481 28 32 30 0 0 0
65481 28 32 30 0 0 0
65480 28 32 30 0 0 0
65480 28 32 30 0 0 0
65481 28 32 30 0 0 0
65482 28 7 30 0 0 0
65480 28 32 30 0 0 0
65481 28 32 30 0 0 0
65480 28 32 30 0 0 0
65481 28 32 30 0 0 0
65481 28 32 30 0 0 0
65481 28 32 30 0 0 0
65480 28 32 30 0 0 0
65480 28 32 30 0 0 0
65481 28 32 30 0 0 0
65480 28 32 30 0 0 0
65481 28 32 30 0 0 0
65481 28 32 30 0 0 0
65480 28 32 30 0 0 0
65481 28 32 30 0 0 0
65480 28 32 30 0 0 0
65481 28 32 30 0 0 0
65480 28 32 30 0 0 0
65481 28 32 30 0 0 0
65481 28 32 30 0 0 0
65480 28 32 30 0 0 0
65481 28 32 30 0 0 0
65481 28 32 30 0 0 0
65479 28 32 30 0 0 0
65481 29 32 30 0 0 0
65481 28 32 30 0 0 0
65481 29 32 30 0 0 0
65480 28 32 30 0 0 0
65481 28 32 30 0 0 0
65481 28 32 30 0 0 0
65480 28 32 30 0 0 0
65480 28 32 30 0 0 0
65481 28 32 30 0 0 0
65480 28 32 30 0 0 0
65481 28 32 30 0 0 0
65481 28 32 30 0 0 0
65481 28 32 30 0 0 0
65480 28 32 30 0 0 0
65481 28 32 30 0 0 0
65481 28 32 30 0 0 0
65479 28 32 30 0 0 0
65481 29 32 30 0 0 0
65481 28 32 30 0 0 0
65480 28 32 30 0 0 0
65481 29 32 30 0 0 0
65481 28 32 30 0 0 0
65481 29 32 30 0 0 0
65479 28 32 30 0 0 0
65481 28 32 30 0 0 0
65481 28 32 30 0 0 0
65480 28 32 30 0 0 0
65481 28 32 30 0 0 0
65481 28 32 30 0 0 0
65481 28 32 30 0 0 0
65479 28 32 30 0 0 0
65481 28 32 30 0 0 0
65481 28 32 30 0 0 0
65480 28 32 30 0 0 0
65481 28 32 30 0 0 0
65481 29 32 30 0 0 0
65480 28 32 30 0 0 0
65481 28 32 30 0 0 0
65480 28 32 30 0 0 0
65480 28 32 30 0 0 0
65481 28 32 30 0 0 0
65481 28 32 30 0 0 0
65481 28 31 30 0 0 0
65480 28 32 30 0 0 0
65481 28 32 30 0 0 0
65481 28 32 30 0 0 0
65479 28 32 30 0 0 0
65481 28 32 30 0 0 0
65481 29 32 30 0 0 0
65481 29 32 30 0 0 0
65480 29 32 30 0 0 0
65481 29 32 30 0 0 0
65481 29 32 30 0 0 0
65480 29 32 30 0 0 0
65480 29 32 30 0 0 0
65481 29 32 30 0 0 0
65480 29 32 30 0 0 0
65481 28 32 30 0 0 0
65481 28 32 30 0 0 0
65481 28 32 30 0 0 0
65480 28 32 30 0 0 0
65481 28 32 30 0 0 0
65480 28 32 30 0 0 0
65480 28 32 30 0 0 0
65483 28 5 30 0 0 0
65481 28 32 30 0 0 0
65479 28 32 30 0 0 0
65481 28 32 30 0 0 0
65481 28 32 30 0 0 0
65481 28 32 30 0 0 0
65480 28 32 30 0 0 0
65481 28 32 30 0 0 0
65481 28 32 30 0 0 0

