65483 21 5 30 0 0 0                                                             
65481 21 5 30 0 0 0                                                             
65483 21 4 30 0 0 0                                                             
65483 21 5 30 0 0 0                                                             
65483 21 5 30 0 0 0                                                             
65482 21 4 30 0 0 0                                                             
65483 21 5 30 0 0 0                                                             
65483 21 4 30 0 0 0                                                             
65483 21 4 30 0 0 0                                                             
65482 21 5 30 0 0 0                                                             
65482 21 5 30 0 0 0                                                             
65483 21 5 30 0 0 0                                                             
65483 21 5 30 0 0 0                                                             
65482 21 4 30 0 0 0                                                             
65483 21 4 30 0 0 0                                                             
65483 21 5 30 0 0 0                                                             
65482 21 5 30 0 0 0                                                             
65482 21 5 30 0 0 0                                                             
65483 21 4 30 0 0 0                                                             
65483 21 5 30 0 0 0                                                             
65483 21 4 30 0 0 0                                                             
65481 21 21 30 0 0 0                                                            
65483 21 5 30 0 0 0                                                             
65482 21 5 30 0 0 0                                                             
65483 21 5 30 0 0 0                                                             
65482 21 5 30 0 0 0                                                             
65482 21 20 30 0 0 0                                                            
65483 21 4 30 0 0 0                                                             
65483 21 4 30 0 0 0                                                             
65481 21 21 30 0 0 0                                                            
65483 21 4 30 0 0 0                                                             
65483 21 5 30 0 0 0                                                             
65482 21 5 30 0 0 0                                                             
65482 21 5 30 0 0 0                                                             
65483 21 5 30 0 0 0                                                             
65483 21 4 30 0 0 0                                                             
65481 21 20 30 4 0 0                                                            
65483 21 2 30 4 -227 -173                                                       
65481 21 21 30 4 -28 -22                                                        
65483 21 2 30 4 -246 -154                                                       
65480 21 20 30 4 -31 -24                                                        
65482 21 20 30 4 -254 -146                                                      
65483 21 4 30 4 -231 -169                                                       
65481 21 21 30 4 -50 -39                                                        
65481 21 21 30 4 -243 -157                                                      
65481 21 22 30 4 -222 -178                                                      
65482 22 17 30 4 -214 -186                                                      
65480 22 23 30 4 -182 -140                                                      
65482 22 23 30 4 -218 -182                                                      
65481 23 23 30 4 -210 -190                                                      
65481 23 23 30 4 -216 -184                                                      
65481 23 24 30 4 -217 -183                                                      
65481 23 25 30 4 -209 -191                                                      
65482 23 3 30 4 -200 -200                                                       
65480 24 25 30 4 -29 -23                                                        
65481 24 26 30 4 -232 -168                                                      
65481 25 28 30 4 -198 -202                                                      
65481 25 28 30 4 -187 -213                                                      
65480 25 29 30 4 -185 -215                                                      
65481 26 32 30 4 -177 -223                                                      
65480 28 31 30 4 -157 -204                                                      
65480 30 29 30 4 -175 -225                                                      
65480 32 29 30 4 -205 -195                                                      
65481 30 30 30 4 -221 -179                                                      
65480 29 29 30 4 -202 -198                                                      
65480 29 30 30 4 -201 -199                                                      
65481 29 31 30 4 -195 -205                                                      
65480 30 31 30 4 -185 -215                                                      
65480 30 31 30 4 -190 -210                                                      
65480 30 32 30 4 -191 -209                                                      
65480 31 32 30 4 -183 -217                                                      
65480 31 32 30 4 -188 -212                                                      
65480 32 33 30 4 -189 -211                                                      
65480 32 34 30 4 -187 -213                                                      
65479 33 34 30 4 -178 -222                                                      
65480 34 33 30 4 -183 -217                                                      
65481 34 34 30 4 -198 -202                                                      
65479 34 34 30 4 -192 -208                                                      
65480 34 36 30 4 -190 -210                                                      
65479 35 37 30 4 -174 -226                                                      
65479 35 38 30 4 -170 -230                                                      
65480 36 36 30 4 -161 -239                                                      
65480 36 36 30 4 -182 -218                                                      
65479 36 36 30 4 -185 -215                                                      
65480 36 37 30 4 -185 -215                                                      
65479 36 37 30 4 -177 -223                                                      
65479 37 37 30 4 -176 -224                                                      
65480 37 38 30 4 -182 -218                                                      
65480 37 38 30 4 -175 -225                                                      
65479 37 32 30 4 -174 -226                                                      
65479 37 38 50 4 -232 -179                                                      
65480 37 38 50 4 -218 -182                                                      
65478 37 38 50 4 -223 -177                                                      
65480 38 35 50 4 -223 -177                                                      
65480 38 35 50 4 -253 -147                                                      
65480 38 35 50 4 -255 -142                                                      
65478 38 37 50 4 -255 -142                                                      
65480 39 40 50 4 -241 -159                                                      
65479 40 41 50 4 -221 -179                                                      
65478 40 42 50 4 -216 -184                                                      
65480 40 42 50 4 -207 -193                                                      
65479 41 43 50 4 -206 -194                                                      
65478 42 44 50 4 -204 -196                                                      
65479 42 44 50 4 -201 -199                                                      
65478 43 45 50 4 -201 -199                                                      
65479 43 46 50 4 -200 -200                                                      
65479 44 46 50 4 -191 -209                                                      
65477 44 47 50 4 -196 -204                                                      
65479 45 47 50 4 -189 -211                                                      
65479 46 48 50 4 -194 -206                                                      
65477 46 49 50 4 -192 -208                                                      
65479 47 49 50 4 -184 -216                                                      
65478 48 50 50 4 -189 -211                                                      
65477 49 51 50 4 -187 -213                                                      
65479 49 51 50 4 -185 -215                                                      
65478 50 51 50 4 -184 -216                                                      
65477 51 52 50 4 -190 -210                                                      
65478 51 53 50 4 -189 -211                                                      
65477 52 53 50 4 -180 -220                                                      
65478 52 54 50 4 -185 -215                                                      
65478 52 54 50 4 -178 -222                                                      
65477 53 55 50 4 -177 -223                                                      
65478 53 55 50 4 -175 -225                                                      
65478 54 55 50 4 -174 -226                                                      
65477 54 56 50 4 -180 -220                                                      
65477 55 56 50 4 -173 -227                                                      
65478 55 56 50 4 -178 -222                                                      
65477 56 56 50 4 -179 -221                                                      
65477 56 57 50 4 -185 -215                                                      
65477 56 57 50 4 -177 -223                                                      
65477 57 57 50 4 -176 -224                                                      
65478 57 56 50 4 -182 -218                                                      
65477 56 56 50 4 -191 -209                                                      
65477 57 56 50 4 -186 -214                                                      
65477 57 57 50 4 -192 -208                                                      
65477 57 57 50 4 -184 -216                                                      
65478 57 56 50 4 -183 -217                                                      
65476 57 56 50 4 -191 -209                                                      
65478 58 57 50 4 -192 -208                                                      
65478 57 57 50 4 -190 -210                                                      
65476 57 56 50 4 -184 -216                                                      
65478 58 57 50 4 -191 -209                                                      
65476 57 56 50 4 -190 -210                                                      
65478 57 56 50 4 -192 -208                                                      
65477 57 56 50 4 -192 -208                                                      
65477 57 56 50 4 -192 -208                                                      
65478 57 56 50 4 -192 -208                                                      
65477 57 55 50 4 -192 -208                                                      
65477 57 56 50 4 -200 -200                                                      
65477 56 56 50 4 -194 -206                                                      
65477 56 55 50 4 -186 -214                                                      
65478 56 55 50 4 -194 -206                                                      
65478 56 55 50 4 -195 -205                                                      
65476 55 54 50 4 -195 -205                                                      
65478 55 54 50 4 -197 -203                                                      
65478 56 54 30 4 -197 -203                                                      
65477 55 53 30 4 -166 -234                                                      
65477 55 53 30 4 -156 -244                                                      
65477 54 52 30 4 -157 -243                                                      
65478 55 52 30 4 -159 -241                                                      
65478 54 51 30 4 -165 -235                                                      
65477 54 51 30 4 -168 -232                                                      
65478 53 50 30 4 -169 -231                                                      
65478 53 49 30 4 -170 -230                                                      
65478 52 48 30 4 -179 -221                                                      
65478 52 48 30 4 -182 -218                                                      
65478 51 47 30 4 -183 -217                                                      
65478 50 46 30 4 -185 -215                                                      
65478 49 45 30 4 -187 -213                                                      
65478 48 44 30 4 -190 -210                                                      
65479 48 44 30 4 -192 -208                                                      
65479 47 43 30 4 -193 -207                                                      
65478 46 42 30 4 -195 -205                                                      
65479 45 42 30 4 -197 -203                                                      
65479 44 41 30 4 -192 -208                                                      
65478 44 39 30 4 -193 -207                                                      
65479 43 38 30 4 -248 -191                                                      
65480 42 38 30 4 -243 -187                                                      
65478 41 39 30 4 -208 -192                                                      
65479 41 42 30 4 -194 -206                                                      
65480 39 35 30 4 -167 -233                                                      
65479 39 34 30 4 -207 -193                                                      
65480 38 32 30 4 -230 -177                                                      
65480 37 31 30 4 -215 -166                                                      
65478 45 31 30 4 -210 -162                                                      
65471 0 30 30 4 -145 -112                                                       
65481 35 29 30 4 -21 -27                                                        
65479 33 28 30 4 -233 -180                                                      
65481 32 28 30 4 -209 -161                                                      
65480 31 28 30 4 -233 -167                                                      
65480 30 28 30 4 -226 -174                                                      
65481 30 27 30 4 -219 -181                                                      
65480 29 26 30 4 -226 -174                                                      
65480 28 26 30 4 -230 -170                                                      
65481 28 25 30 4 -224 -176                                                      
65481 28 25 30 4 -231 -169                                                      
65481 27 24 30 4 -233 -167                                                      
65480 27 24 30 4 -235 -165                                                      
65481 27 23 30 4 -235 -165                                                      
65481 26 23 30 4 -243 -157                                                      
65481 26 24 30 4 -238 -162                                                      
65482 25 6 30 4 -230 -170                                                       
65481 25 23 30 4 -41 -32                                                        
65481 25 23 30 4 -252 -148                                                      
65482 24 3 30 4 -231 -169                                                       
65481 25 24 30 4 -16 -13                                                        
65481 24 24 30 4 -247 -153                                                      
65480 24 24 30 4 -215 -185                                                      
65482 24 4 30 4 -215 -185                                                       
65483 24 4 30 4 -29 -23                                                         
65481 25 25 30 4 2 2                                                            
65480 25 25 30 4 -238 -162                                                      
65481 25 25 30 4 -212 -188                                                      
65481 26 26 30 4 -212 -188                                                      
65480 26 27 30 4 -210 -190                                                      
65481 26 21 30 4 -201 -199                                                      
65482 27 19 30 4 -196 -151                                                      
65481 27 22 30 4 -157 -121                                                      
65480 27 24 30 4 -184 -142                                                      
65481 27 29 30 4 -238 -162                                                      
65480 28 28 30 4 -195 -205                                                      
65480 28 29 30 4 -203 -197                                                      
65481 28 30 30 4 -197 -203                                                      
65480 29 30 30 4 -188 -212                                                      
65480 29 31 30 4 -193 -207                                                      
65480 30 31 30 4 -185 -215                                                      
65480 30 33 30 4 -190 -210                                                      
65480 31 32 30 4 -175 -225                                                      
65480 32 33 30 4 -187 -213                                                      
65480 32 34 30 4 -187 -213                                                      
65482 33 7 30 4 -178 -222                                                       
65479 33 34 30 4 1 1                                                            
65482 33 3 30 0 -216 -184                                                       
65480 34 35 30 0 0 0                                                            
65480 34 35 30 0 0 0                                                            
65480 34 36 30 0 0 0                                                            
65480 34 36 30 0 0 0                                                            
65481 35 6 30 0 0 0                                                             
65482 34 4 30 0 0 0                                                             
65482 35 5 30 0 0 0                                                             
65481 35 36 30 0 0 0                                                            
65479 35 36 30 0 0 0                                                            
65482 34 6 30 0 0 0                                                             
65482 34 6 30 0 0 0                                                             
65481 35 5 30 0 0 0                                                             
65482 35 5 30 0 0 0                                                             
65481 35 36 30 0 0 0                                                            
65482 34 5 30 0 0 0                                                             
65479 35 37 30 0 0 0                                                            
65480 35 37 30 0 0 0                                                            
65480 35 36 30 0 0 0                                                            
65481 34 5 30 0 0 0                                                             
65483 34 5 30 0 0 0                                                             
65480 35 36 30 0 0 0                                                            
65480 35 37 30 0 0 0                                                            
65481 34 4 30 0 0 0                                                             
65481 35 37 30 0 0 0                                                            
65480 35 36 30 0 0 0                                                            
65479 35 37 30 0 0 0                                                            
65482 35 5 30 0 0 0                                                             
65482 35 5 30 0 0 0                                                             
65481 34 4 30 0 0 0                                                             
65482 34 4 30 0 0 0                                                             
65483 35 5 30 0 0 0                                                             
65480 34 36 30 0 0 0                                                            
65481 34 4 30 0 0 0                                                             
65480 35 36 30 0 0 0                                                            
65482 35 5 30 0 0 0                                                             
65480 35 36 30 0 0 0                                                            
65480 35 37 30 0 0 0                                                            
65482 34 4 30 0 0 0                                                             
65482 35 5 30 0 0 0                                                             
65479 35 36 30 0 0 0                                                            
65481 35 37 30 0 0 0                                                            
65480 35 36 30 0 0 0                                                            
65481 35 6 30 0 0 0                                                             
65482 35 5 30 0 0 0                                                             
65482 35 5 30 0 0 0                                                             
65482 34 3 30 0 0 0                                                             
65481 34 3 30 0 0 0                                                             
65483 34 5 30 0 0 0                                                             
65480 35 37 30 0 0 0                                                            
65479 35 37 30 0 0 0                                                            
65480 35 37 30 0 0 0                                                            
65482 35 3 30 0 0 0                                                             
65483 34 4 30 0 0 0                                                             
65481 35 4 30 0 0 0                                                             
65482 34 4 30 0 0 0                                                             
65480 34 36 30 0 0 0                                                            
65481 33 4 30 0 0 0                                                             
65483 33 7 30 0 0 0                                                             
65480 35 38 30 0 0 0                                                            
65480 34 38 30 0 0 0                                                            
65479 35 40 30 0 0 0                                                            
65482 37 3 30 0 0 0                                                             
65480 38 43 30 0 0 0                                                            
