65483 18 9 30 0 0 0
65483 18 9 30 0 0 0
65483 18 9 30 0 0 0
65481 18 8 30 0 0 0
65483 18 9 30 0 0 0
65483 18 9 30 0 0 0
65483 18 8 30 0 0 0
65482 18 9 30 0 0 0
65482 18 10 30 0 0 0
65483 18 9 30 0 0 0
65483 18 16 30 0 0 0
65481 18 9 30 0 0 0
65483 18 9 30 0 0 0
65483 18 8 30 0 0 0
65483 18 10 30 0 0 0
65481 18 8 30 0 0 0
65483 18 9 30 0 0 0
65483 18 16 30 0 0 0
65482 18 9 30 0 0 0
65482 18 9 30 0 0 0
65483 18 16 30 0 0 0
65482 18 9 30 0 0 0
65483 18 9 30 0 0 0
65482 18 16 30 0 0 0
65482 18 9 30 0 0 0
65483 18 9 30 0 0 0
65483 18 8 30 0 0 0
65482 18 9 30 0 0 0
65482 18 9 30 0 0 0
65483 18 9 30 0 0 0
65483 18 9 30 0 0 0
65482 18 9 30 0 0 0
65483 18 9 30 0 0 0
65482 18 8 30 0 0 0
65482 18 9 30 0 0 0
65483 18 9 30 0 0 0
65483 18 9 30 0 0 0
65483 18 9 30 0 0 0
65481 18 9 30 0 0 0
65483 18 9 30 0 0 0
65483 17 9 30 0 0 0
65483 17 9 30 0 0 0
65482 17 9 30 0 0 0
65482 18 9 30 0 0 0
65483 18 9 30 0 0 0
65483 18 9 30 0 0 0
65482 18 9 30 0 0 0
65482 18 16 30 0 0 0
65483 18 16 30 0 0 0
65482 18 9 30 0 0 0
65482 18 9 30 0 0 0
65483 18 9 30 0 0 0
65483 18 9 30 0 0 0
65482 18 16 30 0 0 0
65482 18 16 30 0 0 0
65482 18 8 30 0 0 0
65483 18 9 30 0 0 0
65483 18 9 30 0 0 0
65482 18 11 30 0 0 0
65482 18 16 30 0 0 0
65483 18 8 30 0 0 0
65482 18 9 30 0 0 0
65482 18 9 30 0 0 0
65483 18 9 30 0 0 0
65483 18 16 30 0 0 0
65482 18 9 30 0 0 0
65482 18 9 30 0 0 0
65483 18 9 30 0 0 0
65482 18 16 30 0 0 0
65483 18 16 30 0 0 0
65481 18 16 30 0 0 0
65483 17 9 30 0 0 0
65483 17 9 30 0 0 0
65482 17 9 30 0 0 0
65482 18 8 30 0 0 0
65483 18 9 30 0 0 0
65483 18 9 30 0 0 0
65482 18 9 30 0 0 0
65482 18 16 30 0 0 0
65482 18 16 30 0 0 0
65483 18 9 30 0 0 0
65481 18 16 30 0 0 0
65483 18 9 30 0 0 0
65483 18 16 30 0 0 0
65482 18 9 30 0 0 0
65482 18 9 30 0 0 0
65483 18 16 30 0 0 0
65482 18 16 30 0 0 0
65482 18 16 30 0 0 0
65482 18 9 30 0 0 0
65483 18 9 30 0 0 0
65483 18 9 30 0 0 0
65482 18 9 30 0 0 0
65482 18 16 30 0 0 0
65483 18 9 30 0 0 0
65482 18 16 30 0 0 0
65483 18 9 30 0 0 0
65482 18 9 30 0 0 0
65482 18 9 30 0 0 0
65483 18 9 30 0 0 0
65483 18 9 30 0 0 0
65482 18 11 30 0 0 0
65482 18 9 30 0 0 0
65483 18 16 30 0 0 0
65483 18 9 30 0 0 0
65481 18 16 30 0 0 0
65483 18 9 30 0 0 0
65482 18 16 30 0 0 0
65482 18 16 30 0 0 0
65482 18 16 30 0 0 0
65483 18 9 30 0 0 0
65482 18 16 30 0 0 0
65483 18 9 30 0 0 0
65481 18 16 30 0 0 0
65483 18 9 30 0 0 0
65483 18 9 30 0 0 0
65481 18 9 30 0 0 0
65483 18 11 30 0 0 0
65483 18 8 30 0 0 0
65482 18 16 30 0 0 0
65482 18 9 30 0 0 0
65483 18 9 30 0 0 0
65483 18 11 30 0 0 0
65482 18 9 30 0 0 0
65482 18 16 30 0 0 0
65483 18 9 30 0 0 0
65482 18 9 30 0 0 0
65483 18 9 30 0 0 0
65482 18 8 30 0 0 0
65483 18 8 30 0 0 0
65483 18 9 30 0 0 0
65482 18 8 30 0 0 0
65482 18 16 30 0 0 0
65483 18 8 30 0 0 0
65482 17 9 30 0 0 0
65483 18 16 30 0 0 0
65482 17 9 30 0 0 0
65482 17 10 30 0 0 0
65483 17 11 30 0 0 0
65483 17 9 30 0 0 0
65482 17 9 30 0 0 0
65482 17 9 30 0 0 0
65483 18 16 30 0 0 0
65482 18 16 30 0 0 0
65482 18 16 30 0 0 0
65482 18 9 30 0 0 0
65483 18 9 30 0 0 0
65483 18 8 30 0 0 0
65482 18 9 30 0 0 0
65483 18 9 30 0 0 0
65482 18 11 30 0 0 0
65483 18 9 30 0 0 0
65482 18 11 30 0 0 0
65483 18 8 30 0 0 0
65482 18 9 30 0 0 0
65483 18 9 30 0 0 0
65482 18 9 30 0 0 0
65483 18 8 30 0 0 0
65483 18 8 30 0 0 0
65482 18 9 30 0 0 0
65482 18 9 30 0 0 0
65483 18 8 30 0 0 0
65483 18 9 30 0 0 0
65482 18 11 30 0 0 0
65482 18 16 30 0 0 0
65482 18 16 30 0 0 0
65483 18 16 30 0 0 0
65481 18 9 30 0 0 0
65483 18 16 30 0 0 0
65482 18 16 30 0 0 0
65483 18 9 30 0 0 0
65482 18 8 30 0 0 0
65482 18 9 30 0 0 0
65483 18 8 30 0 0 0
65483 18 9 30 0 0 0
65482 18 9 30 0 0 0
65482 18 16 30 0 0 0
65483 18 9 30 0 0 0
65483 17 9 30 0 0 0
65482 17 9 30 0 0 0
65482 18 9 30 0 0 0
65483 18 9 30 0 0 0
65483 18 9 30 0 0 0
65481 18 16 30 0 0 0
65483 18 16 30 0 0 0
65482 18 16 30 0 0 0
65483 18 16 30 0 0 0
65481 18 9 30 0 0 0
65483 18 9 30 0 0 0
65482 18 16 30 0 0 0
65483 18 9 30 0 0 0
65482 18 8 30 0 0 0
65483 18 9 30 0 0 0
65483 18 9 30 0 0 0
65482 18 9 30 0 0 0
65482 18 9 30 0 0 0
65483 18 9 30 0 0 0
65482 18 16 30 0 0 0
65483 18 16 30 0 0 0
65482 18 8 30 0 0 0
65482 18 9 30 0 0 0
65483 18 16 30 0 0 0
65483 18 9 30 0 0 0
65481 18 9 30 0 0 0
65483 18 8 30 0 0 0
65483 18 16 30 0 0 0
65481 18 9 30 0 0 0
65483 18 8 30 0 0 0
65483 18 16 30 0 0 0
65482 18 16 30 0 0 0
65482 18 9 30 0 0 0
65482 18 9 30 0 0 0
65483 18 16 30 0 0 0
65483 18 9 30 0 0 0
65481 18 9 30 0 0 0
65483 18 9 30 0 0 0
65483 18 16 30 0 0 0
65482 18 9 30 0 0 0
65482 18 9 30 0 0 0
65483 18 9 30 0 0 0
65483 18 9 30 0 0 0
65483 18 8 30 0 0 0
65481 18 9 30 0 0 0
65483 18 9 30 0 0 0
65483 18 9 30 0 0 0
65483 18 9 30 0 0 0
65482 18 9 30 0 0 0
65482 18 8 30 0 0 0
65483 18 9 30 0 0 0
65483 18 9 30 0 0 0
65482 18 9 30 0 0 0
65483 18 9 30 0 0 0
65482 18 9 30 0 0 0
65483 18 11 30 0 0 0
65482 18 9 30 0 0 0
65482 18 16 30 0 0 0
65483 18 9 30 0 0 0
65483 17 8 30 0 0 0
65482 17 8 30 0 0 0
65482 17 8 30 0 0 0
65483 18 8 30 0 0 0
65483 17 9 30 0 0 0
65482 17 9 30 0 0 0
65483 17 9 30 0 0 0
65482 17 8 30 0 0 0
65483 17 9 30 0 0 0
65482 17 9 30 0 0 0
65483 17 9 30 0 0 0
65483 17 9 30 0 0 0
65482 18 9 30 0 0 0
65482 18 16 30 0 0 0
65483 18 9 30 0 0 0
65482 18 16 30 0 0 0
65483 18 8 30 0 0 0
65482 17 9 30 0 0 0
65482 18 9 30 0 0 0
65483 18 9 30 0 0 0
65483 18 9 30 0 0 0
65482 18 9 30 0 0 0
65483 18 9 30 0 0 0
65482 18 8 30 0 0 0
65483 18 8 30 0 0 0
65482 18 8 30 0 0 0
65483 17 9 30 0 0 0
65483 18 9 30 0 0 0
65482 18 8 30 0 0 0
65482 17 9 30 0 0 0
65483 17 9 30 0 0 0
65483 17 16 30 0 0 0
65481 17 11 30 0 0 0
65483 17 9 30 0 0 0
65483 17 9 30 0 0 0
65482 17 16 30 0 0 0
65482 17 9 30 0 0 0
65483 17 9 30 0 0 0
65482 17 16 30 0 0 0
65483 17 9 30 0 0 0
65482 17 9 30 0 0 0
65483 17 9 30 0 0 0
65482 17 9 30 0 0 0
65483 17 9 30 0 0 0
65482 17 9 30 0 0 0
65483 17 9 30 0 0 0
65482 17 8 30 0 0 0
65483 17 11 30 0 0 0
65482 17 9 30 0 0 0
65483 17 9 30 0 0 0
65483 17 9 30 0 0 0
65482 17 9 30 0 0 0
65482 17 16 30 0 0 0
65483 17 9 30 0 0 0
65482 17 9 30 0 0 0
65483 17 9 30 0 0 0
65482 17 9 30 0 0 0
65483 17 11 30 0 0 0
65482 17 9 30 0 0 0
65483 17 9 30 0 0 0
65482 17 8 30 0 0 0
65483 17 9 30 0 0 0
65483 17 9 30 0 0 0
65482 17 11 30 0 0 0
65482 17 9 30 0 0 0
65483 17 9 30 0 0 0
65483 17 11 30 0 0 0
65483 17 9 30 0 0 0
65481 17 8 30 0 0 0
65483 17 16 30 0 0 0
65483 17 9 30 0 0 0
65482 17 9 30 0 0 0
65482 17 9 30 0 0 0
65483 17 9 30 0 0 0
65483 17 9 30 0 0 0
65482 17 16 30 0 0 0
65482 17 11 30 2 0 0
65483 17 9 30 2 255 255
65482 18 16 30 2 255 255
65482 20 18 30 2 255 255
65481 20 17 30 2 255 255
65482 22 5 30 2 255 255
65482 24 24 30 2 255 255
65480 26 20 30 2 200 -255
65481 28 27 30 2 118 255
65481 30 27 30 2 30 -200
65481 31 28 30 2 -64 159
65480 32 28 30 2 -64 68
65480 32 29 30 2 -117 124
65481 32 29 30 2 -73 30
65480 32 29 30 2 -79 83
65480 32 29 30 2 -85 86
65481 32 29 30 2 -91 89
65480 32 29 30 2 -97 92
65481 32 29 30 2 -103 95
65480 32 30 30 2 -109 98
65480 32 29 30 2 -115 1
65481 31 29 30 2 -121 151
65480 32 29 30 2 -27 104
65481 32 29 30 2 -180 107
65480 31 29 30 2 -136 110
65480 31 29 30 2 -42 113
65481 31 30 30 2 -95 116
65480 31 29 30 2 -98 19
65481 31 29 30 2 -101 169
65480 31 29 30 2 -104 122
65480 31 29 30 2 -107 125
65481 31 29 30 2 -110 128
65480 31 30 30 2 -113 131
65481 31 30 30 2 -116 34
65480 30 30 30 2 -119 84
65481 30 26 30 2 -22 84
65481 30 25 30 2 -72 255
65480 31 26 30 2 -72 255
65480 30 30 30 2 -172 234
65481 31 31 30 2 -25 -104
65480 31 31 30 2 -175 -4
65482 30 6 30 2 -128 43
65480 30 31 30 2 -31 255
65483 30 7 30 2 -81 -255
65479 30 31 30 2 -81 255
65482 30 6 30 2 -81 -255
65481 30 31 30 2 -81 255
65481 30 4 30 2 -81 -255
65481 30 31 30 2 -81 255
65482 30 5 30 2 -81 -255
65482 29 6 30 2 -81 255
65480 30 31 30 2 19 255
65481 30 31 30 2 -128 -255
65480 29 31 30 2 -78 40
65480 29 31 30 2 22 37
65481 30 31 30 2 -25 34
65481 30 31 30 2 -122 31
65479 30 31 30 2 -72 28
65481 30 31 30 2 -72 25
65481 30 31 30 2 -72 22
65480 30 31 30 2 -72 19
65480 30 31 30 2 -72 16
65481 30 31 30 2 -72 13
65481 30 31 30 2 -72 10
65479 30 31 30 2 -72 10
65481 30 31 30 2 -72 4
65481 30 31 30 2 -72 1
65480 29 31 30 2 -72 -2
65480 30 31 30 2 28 -5
65481 30 31 30 2 -119 -10
65481 30 31 30 2 -69 -11
65479 30 31 30 2 -69 -14
65481 30 31 30 2 -69 -17
65481 30 31 30 2 -69 -20
65480 30 31 30 2 -69 -23
65480 30 31 30 2 -69 -26
65481 30 31 30 2 -69 -29
65480 30 31 30 2 -69 -32
65480 30 31 30 2 -69 -35
65481 30 31 30 2 -69 -38
65481 30 31 30 2 -69 -41
65480 30 31 30 2 -69 -44
65480 30 31 30 2 -69 -47
65481 29 31 30 2 -69 -50
65480 30 31 30 2 31 -53
65480 30 31 30 2 -116 -56
65481 30 31 30 2 -66 -59
65480 30 31 30 2 -66 -62
65480 30 31 30 2 -66 -65
65481 30 31 30 2 -66 -68
65481 30 31 30 2 -66 -71
65480 30 31 30 2 -66 -74
65480 30 31 30 2 -66 -77
65481 30 31 30 2 -66 -80
65480 29 31 30 2 -66 -83
65481 29 31 30 2 34 -86
65480 29 31 30 2 -13 -89
65480 29 31 30 2 -10 -92
65481 29 30 30 2 -10 -95
65481 29 30 30 2 -4 2
65480 29 30 30 2 -1 -48
65481 29 30 30 2 2 -48
65480 29 30 30 2 5 -48
65481 29 30 30 2 10 -48
65480 29 30 30 2 11 -48
65481 29 30 30 2 14 -48
65481 29 30 30 2 17 -48
65480 29 30 30 2 20 -48
65480 29 30 30 2 23 -48
65481 29 30 50 2 26 -48
65480 29 30 50 2 255 255
65481 29 31 50 2 255 255
65480 31 32 50 2 255 255
65480 32 34 50 2 255 255
65481 34 6 50 2 255 255
65480 36 38 50 2 255 255
65480 38 41 50 2 255 -255
65478 39 41 50 2 255 252
65482 41 6 50 2 255 255
65479 43 44 50 2 255 255
65480 45 7 50 2 229 -255
65479 47 47 50 2 150 255
65479 48 46 50 2 65 -255
65478 50 48 50 2 74 229
65478 51 49 50 2 -70 -10
65479 52 49 50 2 -70 -3
65477 51 48 50 2 -123 50
65479 52 49 50 2 21 153
65478 51 50 50 2 -132 10
65478 51 50 50 2 12 -38
65478 52 49 50 2 -41 12
65479 51 49 50 2 -144 112
65477 51 50 50 2 0 65
65479 51 50 50 2 -53 -32
65477 51 49 50 2 -56 18
65479 51 48 50 2 -59 118
65478 51 50 50 2 -62 171
65478 51 46 50 2 -65 -73
65479 51 46 50 2 -68 255
65478 51 47 50 2 -71 227
65478 51 48 50 2 -74 139
65478 51 52 50 2 -77 98
65479 51 52 50 2 -80 -246
65477 51 52 50 2 -83 -52
65478 51 52 50 2 -86 -58
65479 50 52 50 2 -89 -64
65477 50 51 50 2 10 -70
65479 50 51 50 2 -42 24
65477 50 51 50 2 -42 -29
65479 50 51 50 2 -42 -32
65478 49 51 50 2 -42 -35
65478 49 51 50 2 58 -38
65478 50 51 50 2 11 -41
65479 50 51 50 2 -86 -44
65477 49 51 50 2 -36 -47
65479 49 51 50 2 64 -50
65479 49 51 50 2 17 -53
65477 49 51 50 2 20 -56
65479 49 51 50 2 23 -59
65478 49 51 50 2 26 -62
65478 49 51 50 2 29 -65
65478 50 51 50 2 32 -68
65478 50 51 50 2 -65 -71
65478 49 51 50 2 -15 -74
65479 49 51 50 2 85 -77
65477 49 51 50 2 38 -80
65479 49 51 50 2 41 -83
65478 49 51 50 2 44 -86
65478 49 51 50 2 47 -89
65478 50 51 50 2 50 -92
65479 49 50 50 2 -47 -95
65478 49 50 50 2 103 2
65478 49 50 50 2 56 -48
65479 50 50 50 2 59 -48
65477 50 50 50 2 -38 -48
65479 50 50 50 2 12 -48
65479 50 50 50 2 12 -48
65477 50 50 50 2 12 -48
65479 50 50 50 2 12 -48
65477 50 49 50 2 12 -48
65479 50 50 50 2 12 52
65478 49 50 50 2 12 -95
65478 50 46 50 2 112 -45
65481 49 7 50 2 -35 255
65479 50 50 50 2 115 255
65477 51 51 50 2 -32 -255
65478 50 51 50 2 -82 -145
65479 50 51 50 2 65 -98
65477 50 50 50 2 15 -101
65479 50 46 50 2 15 -4
65479 50 47 50 2 15 255
65477 50 51 50 2 15 46
65479 50 51 50 2 15 -255
65478 50 51 50 2 15 -95
65478 50 47 50 2 15 -98
65479 50 45 50 2 15 255
65478 50 46 50 2 15 255
65478 50 51 50 2 15 99
65481 50 6 50 2 15 -255
65477 51 52 50 2 15 255
65479 51 52 50 2 -85 -255
65478 50 52 50 2 -38 -139
65478 50 51 50 2 59 -145
65478 50 49 50 2 10 -51
65479 50 45 50 2 10 96
65478 50 45 50 2 10 255
65479 50 46 50 2 10 199
65478 50 51 50 2 10 114
65477 50 52 30 2 10 -255
65481 50 5 30 2 -255 -255
65479 49 51 30 2 -255 255
65480 49 6 30 2 -255 -255
65478 48 51 30 2 -255 255
65479 47 50 30 2 -255 -255
65478 46 50 30 2 -255 -255
65478 45 49 30 2 -255 -255
65479 43 47 30 2 -255 -255
65476 95 46 30 2 -255 -255
65476 92 44 30 2 -255 -255
65479 36 42 30 2 -255 -255
65480 34 40 30 2 255 -255
65480 32 36 30 2 -91 -255
65479 31 34 30 2 -3 -124
65481 28 31 30 2 -10 -142
65481 27 29 30 2 238 46
65481 26 29 30 2 194 93
65480 26 27 30 2 253 -4
65481 27 28 30 2 215 199
65481 28 28 30 2 127 10
65480 29 28 30 2 86 64
65481 30 23 30 2 42 70
65481 31 30 30 2 -5 255
65481 31 30 30 2 -55 -255
65479 32 30 30 2 -10 -24
65481 32 30 30 2 -111 -24
65481 31 30 30 2 -67 -24
65479 32 30 30 2 27 -24
65481 32 30 30 2 -126 -24
65481 31 26 30 2 -82 -24
65480 31 31 30 2 12 255
65480 31 31 30 2 -41 -255
65481 31 31 30 2 -44 -74
65479 31 31 30 2 -47 -77
65481 31 31 30 2 -50 -80
65481 31 27 30 2 -53 -83
65481 31 27 30 2 -56 255
65480 31 31 30 2 -59 114
65480 31 31 30 2 -62 -255
65481 31 31 30 2 -65 -77
65480 30 30 30 2 -68 -80
65480 31 30 30 2 29 17
65481 31 30 30 2 -121 -33
65480 30 30 30 2 -74 -33
65481 30 30 30 2 23 -33
65480 30 30 30 2 -27 -33
65481 30 30 30 2 -27 -33
65480 30 30 30 2 -27 -33
65481 30 30 30 2 -27 -33
65480 30 30 30 2 -27 -33
65480 30 30 30 2 -27 -33
65481 31 30 30 2 -27 -33
65481 30 30 30 2 -127 -33
65479 30 30 30 2 20 -33
65481 30 30 30 2 -30 -33
65481 30 30 30 2 -30 -33
65481 30 30 30 2 -30 -33
65479 30 30 30 2 -30 -33
65481 30 30 30 2 -30 -33
65481 30 30 30 2 -30 -33
65480 30 30 30 2 -30 -33
65480 30 30 30 2 -30 -33
65481 30 30 30 2 -30 -33
65480 30 30 30 2 -30 -33
65481 30 30 30 2 -30 -33
65480 30 30 30 2 -30 -33
65481 30 30 30 2 -30 -33
65480 30 30 30 2 -30 -33
65481 30 30 30 2 -30 -33
65480 30 30 30 2 -30 -33
65480 30 30 30 2 -30 -33
65481 30 30 30 2 -30 -33
65481 30 30 30 2 -30 -33
65479 30 30 30 2 -30 -33
65481 30 30 30 2 -30 -33
65481 30 30 30 2 -30 -33
65480 30 30 30 2 -30 -33
65480 30 31 30 2 -30 -33
65481 30 31 30 2 -30 -133
65481 30 30 30 2 -30 -86
65480 30 30 30 2 -30 11
65481 30 30 30 2 -30 -39
65480 29 30 30 2 -30 -39
65480 30 30 30 2 70 -39
65481 30 30 30 2 -77 -39
65481 29 30 30 2 -27 -39
65480 29 30 30 2 73 -39
65480 30 30 30 2 26 -39
65481 30 30 30 2 -71 -39
65481 30 30 30 2 -21 -39
65480 30 30 30 2 -21 -39
65480 30 31 30 2 -21 -39
65481 30 30 30 2 -21 -139
65480 29 30 30 2 -21 10
65481 30 30 30 2 79 -42
65481 29 30 30 2 -68 -42
65479 29 29 30 2 82 -42
65481 29 29 30 2 35 58
65481 29 31 30 2 38 11
65481 30 29 30 2 41 -186
65480 29 30 30 2 -56 111
65481 29 30 30 2 94 -86
65480 29 29 30 2 47 -36
65480 29 29 30 2 50 64
65481 29 29 30 2 53 17
65481 29 30 30 2 56 20
65480 29 29 30 2 59 -77
65481 29 29 30 2 62 73
65481 29 29 30 2 65 26
65481 29 29 30 2 68 29
65479 29 29 30 2 71 32
65481 29 30 30 2 74 35
65481 29 30 50 2 77 -62
65480 29 29 50 2 255 255
65482 30 5 50 2 255 255
65482 31 5 50 2 255 255
65480 34 33 50 2 255 255
65481 35 6 50 2 255 -255
65480 36 35 50 2 255 255
65480 39 37 50 2 255 -255
65479 41 38 50 2 255 255
65479 43 39 50 2 255 255
65479 45 41 50 2 255 255
65478 48 43 50 2 180 255
65479 49 45 50 2 -5 238
65479 51 47 50 2 51 159
65477 52 48 50 2 -96 74
65479 52 49 50 2 -99 83
65477 52 50 50 2 -55 39
65479 52 50 50 2 -61 -10
65478 52 47 50 2 -67 42
65478 52 50 50 2 -73 255
65478 52 47 50 2 -79 -108
65479 52 46 50 2 -85 255
65478 51 48 50 2 -91 255
65478 52 53 50 2 3 42
65478 52 52 50 2 -150 -255
65478 51 52 50 2 -106 -2
65478 51 52 50 2 -12 -58
65478 50 52 50 2 -65 -64
65478 50 52 50 2 32 -70
65478 50 51 50 2 -18 -76
65478 49 51 50 2 -18 18
65478 50 50 50 2 82 -35
65479 50 50 50 2 -65 62
65477 50 50 50 2 -15 12
65479 50 50 50 2 -15 12
65479 50 50 50 2 -15 12
65477 50 50 50 2 -15 12
65479 50 50 50 2 -15 12
65478 50 51 50 2 -15 12
65478 50 51 50 2 -15 -88
65478 50 50 50 2 -15 -41
65479 50 50 50 2 -15 56
65477 50 50 50 2 -15 10
65479 50 51 50 2 -15 10
65478 49 50 50 2 -15 -94
65478 50 50 50 2 85 53
65478 50 50 50 2 -62 3
65478 50 50 50 2 -12 3
65479 50 50 50 2 -12 3
65478 50 50 50 2 -12 3
65478 50 50 50 2 -12 3
65478 50 50 50 2 -12 3
65479 50 51 50 2 -12 3
65478 50 50 50 2 -12 -97
65478 49 50 50 2 -12 50
65479 50 50 50 2 88 0
65477 50 50 50 2 -59 0
65479 50 51 50 2 -10 0
65479 50 50 50 2 -10 -100
65477 50 50 50 2 -10 47
65479 49 50 50 2 -10 -3
65477 50 50 50 2 91 -3
65479 50 50 50 2 -56 -3
65478 50 50 50 2 -10 -3
65478 50 50 50 2 -10 -3
65478 50 50 50 2 -10 -3
65479 50 50 50 2 -10 -3
65478 50 50 50 2 -10 -3
65478 50 50 50 2 -10 -3
65479 50 50 50 2 -10 -3
65477 50 50 50 2 -10 -3
65479 50 50 50 2 -10 -3
65478 50 50 50 2 -10 -3
65478 50 50 50 2 -10 -3
65479 50 50 50 2 -10 -3
65478 50 50 50 2 -10 -3
65478 50 50 50 2 -10 -3
65478 49 50 50 2 -10 -3
65478 50 50 50 2 94 -3
65479 51 50 50 2 -53 -3
65478 50 50 50 2 -103 -3
65478 50 50 50 2 44 -3
65478 49 50 50 2 -10 -3
65479 49 50 50 2 94 -3
65478 50 50 50 2 47 -3
65478 50 50 50 0 -50 -3
65479 50 50 50 0 0 0
65477 50 50 50 0 0 0
65479 50 50 50 0 0 0
65479 50 50 50 0 0 0
65477 50 50 50 0 0 0
65479 50 50 50 0 0 0
65479 50 50 50 0 0 0
65477 50 50 50 0 0 0
65479 50 50 50 0 0 0
65477 50 50 50 0 0 0
65479 50 50 50 0 0 0
65479 50 50 50 0 0 0
65477 50 50 50 0 0 0
65479 50 50 50 0 0 0
65479 50 50 50 0 0 0
65477 50 50 50 0 0 0
65479 50 50 50 0 0 0
65479 50 50 50 0 0 0
65477 50 50 50 0 0 0
65479 50 50 50 0 0 0
65479 50 50 50 0 0 0
65477 50 50 50 0 0 0
65479 50 50 50 0 0 0
65479 50 50 50 0 0 0
65477 50 50 50 0 0 0
65479 50 50 50 0 0 0
65478 50 47 50 0 0 0
65479 50 50 50 0 0 0
65478 50 50 50 0 0 0
65478 50 50 50 0 0 0
65479 50 50 50 0 0 0
65478 50 50 50 0 0 0
65478 50 50 50 0 0 0
65479 50 50 50 0 0 0
65478 50 49 50 0 0 0
65478 50 50 50 0 0 0
65479 50 50 50 0 0 0
65478 50 50 50 0 0 0
65478 50 47 50 0 0 0
65479 50 48 50 0 0 0
65479 50 47 50 0 0 0
65477 50 47 50 0 0 0
65479 50 47 50 0 0 0
65479 50 48 50 0 0 0
65478 50 47 50 0 0 0
65479 50 50 50 0 0 0
65477 50 50 50 0 0 0
65479 50 48 50 0 0 0
65479 50 50 50 0 0 0
65477 49 48 50 0 0 0
65479 50 50 50 0 0 0
65479 50 50 50 0 0 0
65478 50 48 50 0 0 0
65478 50 50 50 0 0 0
65479 50 47 50 0 0 0
65478 50 50 50 0 0 0
65479 50 48 50 0 0 0
65478 50 48 50 0 0 0
65478 50 47 50 0 0 0
65479 50 48 50 0 0 0
65479 50 47 50 0 0 0
65478 50 47 50 0 0 0
65479 50 47 50 0 0 0
65479 50 47 50 0 0 0
65477 50 48 50 0 0 0
65479 50 47 50 0 0 0
65478 50 47 50 0 0 0
65479 50 48 50 0 0 0
65479 50 50 50 0 0 0
65477 50 50 50 0 0 0
65479 50 50 50 0 0 0
65479 50 49 50 0 0 0
65477 50 50 50 0 0 0
65479 50 50 50 0 0 0
65479 50 50 50 0 0 0
65477 50 50 50 0 0 0
65479 50 50 50 0 0 0
65479 50 50 50 0 0 0
65477 50 50 50 0 0 0
65479 50 50 50 0 0 0
65479 50 50 50 0 0 0
65477 50 50 50 0 0 0
65479 50 50 50 0 0 0
65478 50 50 50 0 0 0
65478 50 50 50 0 0 0
65479 50 50 50 0 0 0
65477 50 50 50 0 0 0
65479 50 50 50 0 0 0
65479 50 50 50 0 0 0
65477 50 50 50 0 0 0
65479 50 50 50 0 0 0
65479 50 50 50 0 0 0
65477 50 50 50 0 0 0
65479 50 50 50 0 0 0
65478 50 50 50 0 0 0
65478 50 50 50 0 0 0
65479 50 50 50 0 0 0
65478 50 50 50 0 0 0
65478 50 50 50 0 0 0
65479 50 50 50 0 0 0
65478 50 50 50 0 0 0
65478 50 50 50 0 0 0
65479 50 50 50 0 0 0
65477 50 50 50 0 0 0
65479 50 50 50 0 0 0
65479 50 50 50 0 0 0
65477 50 50 50 0 0 0
65479 50 50 50 0 0 0
65479 50 50 50 0 0 0
65477 50 50 50 0 0 0
65479 50 50 50 0 0 0
65478 50 50 50 0 0 0
65478 50 50 50 0 0 0
65479 50 50 50 0 0 0
65478 50 50 50 0 0 0
65478 50 49 50 0 0 0
65479 50 50 50 0 0 0
65478 50 50 50 0 0 0
65478 50 49 50 0 0 0
65479 50 50 50 0 0 0
65478 50 50 50 0 0 0
65478 50 50 50 0 0 0
65479 50 50 50 0 0 0
65477 50 50 50 0 0 0
65479 50 49 50 0 0 0
65479 50 50 50 0 0 0
65478 50 50 50 0 0 0
65478 50 50 50 0 0 0
65479 50 47 50 0 0 0
65478 50 48 50 0 0 0
65474 126 50 50 0 0 0
65482 15 29 50 0 0 0
65477 52 50 50 0 0 0
65479 50 50 50 0 0 0
65479 50 50 50 0 0 0
65478 50 47 50 0 0 0
65479 50 47 50 0 0 0
65477 50 49 50 0 0 0
65479 50 50 50 0 0 0
65479 50 50 50 0 0 0
65477 50 50 50 0 0 0
65479 50 50 50 0 0 0
65479 50 50 50 0 0 0
65477 50 50 50 0 0 0
65479 50 50 50 0 0 0
65479 50 50 50 0 0 0
65477 49 50 50 0 0 0
65479 50 50 50 0 0 0
65479 50 50 50 0 0 0
65477 50 50 50 0 0 0
65479 50 50 50 0 0 0
65479 50 50 50 0 0 0
65477 50 50 50 0 0 0
65479 50 50 50 0 0 0
65479 50 50 50 0 0 0
65477 50 50 50 0 0 0
65479 50 50 50 0 0 0
65478 50 50 50 0 0 0
65478 50 50 50 0 0 0
65479 50 50 50 0 0 0
65478 50 50 50 0 0 0
65478 50 50 50 0 0 0
65479 50 50 50 0 0 0
65478 50 50 50 0 0 0
65478 50 50 50 0 0 0
65479 50 48 50 0 0 0
65478 50 47 50 0 0 0
65479 50 47 50 0 0 0
65479 50 48 50 0 0 0
65477 50 48 50 0 0 0
65479 50 48 50 0 0 0
65479 50 50 50 0 0 0
65478 50 50 50 0 0 0
65478 50 49 50 0 0 0
65478 50 50 50 0 0 0
65479 50 50 50 0 0 0
65478 50 49 50 0 0 0
65478 49 48 50 0 0 0
65479 49 50 50 0 0 0
65479 50 48 50 0 0 0
65477 49 47 50 0 0 0
65479 49 46 50 0 0 0
65479 49 47 50 0 0 0
65478 50 48 50 0 0 0
65479 50 49 50 0 0 0
65478 50 50 50 0 0 0
65478 50 50 50 0 0 0
65479 50 50 50 0 0 0
65479 50 48 50 0 0 0
65477 50 47 50 0 0 0
65479 50 47 50 0 0 0
65479 50 48 50 0 0 0
65478 50 47 50 0 0 0
65479 50 47 50 0 0 0
65477 50 50 50 0 0 0
65479 50 50 50 0 0 0
65479 50 50 50 0 0 0
65477 50 50 50 0 0 0
65479 50 50 50 0 0 0
65479 50 50 50 0 0 0
65477 50 50 50 0 0 0
65479 50 50 50 0 0 0
65479 50 50 50 0 0 0
65477 50 50 50 0 0 0
65479 50 50 50 0 0 0
65479 50 50 50 0 0 0
65477 50 50 50 0 0 0
65479 50 47 50 0 0 0
65479 50 47 50 0 0 0
65478 50 47 50 0 0 0
65479 50 50 50 0 0 0
65478 50 47 50 0 0 0
65478 50 48 50 0 0 0
65479 50 50 50 0 0 0
65478 50 50 50 0 0 0
65478 50 47 50 0 0 0
65479 50 50 50 0 0 0
65478 49 50 50 0 0 0
65478 50 50 50 0 0 0
65479 49 50 50 0 0 0
65478 50 50 50 0 0 0
65478 49 49 50 0 0 0
65479 50 49 50 0 0 0
65478 50 50 50 0 0 0
65479 50 50 50 0 0 0
65478 50 50 50 0 0 0
65478 50 50 50 0 0 0
65479 50 50 50 0 0 0
65478 50 50 50 0 0 0
65478 50 50 50 0 0 0
65479 50 50 50 0 0 0
65477 50 50 50 0 0 0