                                                                  
65478 50 46 30 0 0 0                                                            
65479 50 46 30 0 0 0                                                            
65479 50 47 30 0 0 0                                                            
65478 50 46 30 0 0 0                                                            
65478 50 47 30 0 0 0                                                            
65478 50 46 30 0 0 0                                                            
65479 50 47 30 0 0 0                                                            
65479 50 47 30 0 0 0                                                            
65478 50 46 30 0 0 0                                                            
65479 50 45 30 0 0 0                                                            
65479 50 45 30 0 0 0                                                            
65478 50 46 30 0 0 0                                                            
65479 50 46 30 0 0 0                                                            
65479 50 45 30 0 0 0                                                            
65477 50 46 30 0 0 0                                                            
65479 50 46 30 0 0 0                                                            
65479 50 45 30 0 0 0                                                            
65478 50 45 30 0 0 0                                                            
65479 50 45 30 0 0 0                                                            
65479 50 45 30 0 0 0                                                            
65478 50 46 30 0 0 0                                                            
65479 50 45 30 0 0 0                                                            
65479 50 45 30 0 0 0                                                            
65478 50 45 30 0 0 0                                                            
65479 50 45 30 0 0 0                                                            
65479 50 46 30 0 0 0                                                            
65478 50 46 30 0 0 0                                                            
65479 50 46 30 0 0 0                                                            
65479 50 46 30 0 0 0                                                            
65477 50 47 30 0 0 0                                                            
65479 50 46 30 0 0 0                                                            
65478 50 47 30 0 0 0                                                            
65479 50 46 30 0 0 0                                                            
65479 50 46 30 0 0 0                                                            
65478 50 46 30 0 0 0                                                            
65479 50 47 30 0 0 0                                                            
65479 50 50 30 0 0 0                                                            
65477 50 49 30 0 0 0                                                            
65479 50 50 30 0 0 0                                                            
65479 50 47 30 0 0 0                                                            
65478 50 47 30 0 0 0                                                            
65478 50 46 30 0 0 0                                                            
65479 50 47 30 0 0 0                                                            
65478 50 46 30 0 0 0                                                            
65479 50 47 30 0 0 0                                                            
65479 50 46 30 0 0 0                                                            
65478 50 47 30 0 0 0                                                            
65479 50 46 30 0 0 0                                                            
65479 50 46 30 0 0 0                                                            
65478 50 46 30 0 0 0                                                            
65478 50 46 30 0 0 0                                                            
65479 50 45 30 0 0 0                                                            
65478 50 46 30 0 0 0                                                            
65479 50 45 30 0 0 0                                                            
65479 50 46 30 0 0 0                                                            
65478 50 47 30 0 0 0                                                            
65479 50 46 30 0 0 0                                                            
65478 50 45 30 0 0 0                                                            
65479 50 46 30 0 0 0                                                            
65479 50 45 30 0 0 0                                                            
65478 50 46 30 0 0 0                                                            
65478 50 45 30 0 0 0                                                            
65479 50 46 30 0 0 0                                                            
65478 50 45 30 0 0 0                                                            
65479 50 45 30 0 0 0                                                            
65479 50 46 30 0 0 0                                                            
65478 50 47 30 0 0 0                                                            
65479 50 45 30 0 0 0                                                            
65479 50 46 30 0 0 0                                                            
65478 50 46 30 0 0 0                                                            
65479 50 45 30 0 0 0                                                            
65479 50 46 30 0 0 0                                                            
65477 50 46 30 0 0 0                                                            
65479 50 46 30 0 0 0                                                            
65479 50 45 30 0 0 0                                                            
65478 50 46 30 0 0 0                                                            
65479 50 46 30 0 0 0                                                            
65479 50 46 30 0 0 0                                                            
65478 50 46 30 0 0 0                                                            
65479 50 47 30 0 0 0                                                            
65479 50 47 30 0 0 0                                                            
65478 50 46 30 0 0 0                                                            
65478 50 45 30 0 0 0                                                            
65478 50 45 30 0 0 0                                                            
65479 50 47 30 0 0 0                                                            
65479 50 45 30 0 0 0                                                            
65478 50 45 30 0 0 0                                                            
65479 50 46 30 0 0 0                                                            
65479 50 46 30 0 0 0                                                            
65478 50 46 30 0 0 0                                                            
65479 50 46 30 0 0 0                                                            
65479 50 46 30 0 0 0                                                            
65477 50 46 30 0 0 0                                                            
65479 50 46 30 0 0 0                                                            
65479 50 47 30 0 0 0                                                            
65478 50 47 30 0 0 0                                                            
65479 50 50 30 0 0 0                                                            
65478 50 50 30 0 0 0                                                            
65478 50 49 30 0 0 0                                                            
65479 50 50 30 0 0 0                                                            
65479 50 49 30 0 0 0                                                            
65477 50 50 30 0 0 0                                                            
65479 50 50 30 0 0 0                                                            
65479 50 50 30 0 0 0                                                            
65477 50 50 30 0 0 0                                                            
65479 50 50 30 0 0 0                                                            
65478 50 47 30 0 0 0                                                            
65479 50 50 30 0 0 0                                                            
65478 50 49 30 0 0 0                                                            
65478 50 50 30 0 0 0                                                            
65479 49 50 30 0 0 0                                                            
65479 50 50 30 0 0 0                                                            
65477 50 50 30 0 0 0                                                            
65479 50 50 30 0 0 0                                                            
65479 50 49 30 0 0 0                                                            
65477 49 50 30 0 0 0                                                            
65479 49 50 30 0 0 0                                                            
65479 50 50 30 0 0 0                                                            
65478 50 50 30 0 0 0                                                            
65478 50 50 30 0 0 0                                                            
65479 50 50 30 0 0 0                                                            
65478 50 49 30 0 0 0                                                            
65478 50 50 30 0 0 0                                                            
65478 50 50 30 0 0 0                                                            
65479 50 50 30 0 0 0                                                            
65478 50 49 30 0 0 0                                                            
65478 50 50 30 0 0 0                                                            
65479 50 50 30 0 0 0                                                            
65478 50 50 30 2 0 0                                                            
65478 49 45 30 2 -2000 -2000                                                    
65479 49 44 30 2 -1900 -1500                                                    
65479 48 45 30 2 -1900 -1400                                                    
65480 47 4 30 2 -1800 -1500                                                     
65481 46 4 30 2 -1700 2600                                                      
65479 45 48 30 2 -1600 2600                                                     
65478 45 49 30 2 -1500 -1800                                                    
65478 44 48 30 2 -1500 -1900                                                    
65479 43 47 30 2 -1400 -1800                                                    
65478 42 47 30 2 -1300 -1700                                                    
65479 41 46 30 2 -1200 -1700                                                    
65480 40 45 30 2 -1100 -1600                                                    
65478 38 43 30 2 -1000 -1500                                                    
65480 36 43 30 2 -800 -1300                                                     
65479 33 44 30 2 -600 -1300                                                     
65479 31 39 30 2 -300 -1400                                                     
65475 135 35 30 2 -100 -900                                                     
65480 28 36 30 2 -10500 -500                                                    
65480 26 37 30 2 200 -600                                                       
65481 23 32 30 2 400 -700                                                       
65481 20 29 30 2 700 -200                                                       
65481 20 25 30 2 1000 100                                                       
65481 19 24 30 2 1000 500                                                       
65482 20 24 30 2 1100 600                                                       
65481 20 24 30 2 1000 600                                                       
65481 21 25 30 2 1000 600                                                       
65482 22 6 30 2 900 500                                                         
65481 23 27 30 2 800 2400                                                       
65481 24 27 30 2 700 300                                                        
65481 25 29 30 2 600 300                                                        
65480 27 30 30 2 500 100                                                        
65481 29 31 30 2 300 0                                                          
65480 31 32 30 2 100 -100                                                       
65480 32 28 30 2 -100 -200                                                      
65481 33 32 30 2 -200 200                                                       
65481 33 7 30 2 -300 -200                                                       
65482 32 5 30 2 -300 2300                                                       
65480 32 31 30 2 -200 2500                                                      
65479 32 33 30 2 -200 -100                                                      
65481 31 33 30 2 -200 -300                                                      
65481 30 32 30 2 -100 -300                                                      
65480 29 31 30 2 0 -200                                                         
65480 29 31 30 2 100 -100                                                       
65481 29 31 30 2 100 -100                                                       
65481 29 31 30 2 100 -100                                                       
65479 29 31 30 2 100 -100                                                       
65481 29 31 30 2 100 -100                                                       
65481 28 31 30 2 100 -100                                                       
65481 28 4 30 2 200 -100                                                        
65481 29 31 30 2 200 2600                                                       
65480 29 31 30 2 100 -100                                                       
65481 29 30 30 2 100 -100                                                       
65480 29 30 30 2 100 0                                                          
65481 30 31 30 2 100 0                                                          
65481 30 27 30 2 0 -100                                                         
65481 30 4 30 2 0 300                                                           
65481 30 31 30 2 0 2600                                                         
65480 30 31 30 2 0 -100                                                         
65480 30 31 30 2 0 -100                                                         
65481 30 31 30 2 0 -100                                                         
65481 30 31 30 2 0 -100                                                         
65480 30 31 30 2 0 -100                                                         
65480 30 31 30 2 0 -100                                                         
65481 30 31 30 2 0 -100                                                         
65481 30 31 30 2 0 -100                                                         
65480 30 31 30 2 0 -100                                                         
65480 30 31 30 2 0 -100                                                         
65481 30 31 30 2 0 -100                                                         
65480 30 31 30 2 0 -100                                                         
65482 30 5 30 2 0 -100                                                          
65481 30 31 30 2 0 2500                                                         
65480 30 31 30 2 0 -100                                                         
65480 30 31 30 2 0 -100                                                         
65481 30 31 30 2 0 -100                                                         
65481 30 31 30 2 0 -100                                                         
65479 30 31 30 2 0 -100                                                         
65481 30 31 30 2 0 -100                                                         
65481 30 31 30 2 0 -100                                                         
65480 30 31 30 2 0 -100                                                         
65480 30 31 30 2 0 -100                                                         
65483 30 6 30 2 0 -100                                                          
65480 30 31 30 2 0 2400                                                         
65480 30 31 30 2 0 -100                                                         
65481 30 31 30 2 0 -100                                                         
65480 30 31 30 2 0 -100                                                         
65480 30 31 30 2 0 -100                                                         
65481 30 31 30 2 0 -100                                                         
65482 30 6 30 2 0 -100                                                          
65481 30 31 30 2 0 2400                                                         
65480 30 31 30 2 0 -100                                                         
65480 30 31 30 2 0 -100                                                         
65481 30 31 30 2 0 -100                                                         
65480 30 31 30 2 0 -100                                                         
65482 30 6 30 2 0 -100                                                          
65481 30 31 30 2 0 2400                                                         
65479 30 31 30 2 0 -100                                                         
65481 30 31 30 2 0 -100                                                         
65481 30 31 30 2 0 -100                                                         
65482 30 6 30 2 0 -100                                                          
65481 30 5 30 2 0 2400                                                          
65481 30 31 30 2 0 2500                                                         
65481 30 31 30 2 0 -100                                                         
65480 30 31 30 2 0 -100                                                         
65480 30 31 30 2 0 -100                                                         
65481 30 31 30 2 0 -100                                                         
65481 30 31 30 2 0 -100                                                         
65479 30 31 30 2 0 -100                                                         
65481 30 31 30 2 0 -100                                                         
65481 30 31 30 2 0 -100                                                         
65480 30 31 30 2 0 -100                                                         
65480 30 31 50 2 0 -100                                                         
65482 30 5 50 2 2000 1900                                                       
65480 31 32 50 2 2000 4500                                                      
65480 32 33 50 2 1900 1800                                                      
65480 33 34 50 2 1800 1700                                                      
65480 34 32 50 2 1700 1600                                                      
65480 36 34 50 2 1600 1800                                                      
65479 38 39 50 2 1400 1600                                                      
65479 41 41 50 2 1200 1100                                                      
65481 43 8 50 2 900 900                                                         
65479 45 42 50 2 700 4200                                                       
65479 48 48 50 2 500 800                                                        
65477 50 51 50 2 200 200                                                        
65478 53 53 50 2 0 -100                                                         
65478 54 52 50 2 -300 -300                                                      
65480 55 6 50 2 -400 -200                                                       
65478 55 55 50 2 -500 4400                                                      
65477 54 51 50 2 -500 -500                                                      
65479 53 50 50 2 -400 -100                                                      
65478 53 52 50 2 -300 0                                                         
65477 51 52 50 2 -300 -200                                                      
65479 49 51 50 2 -100 -200                                                      
65478 48 50 50 2 100 -100                                                       
65478 47 49 50 2 200 0                                                          
65479 47 49 50 2 300 100                                                        
65479 47 49 50 2 300 100                                                        
65480 47 6 50 2 300 100                                                         
65481 47 5 50 2 300 4400                                                        
65478 49 50 50 2 300 4500                                                       
65478 49 51 50 2 100 0                                                          
65478 50 50 50 2 100 -100                                                       
65479 51 46 50 2 0 0                                                            
65480 51 7 50 2 -100 400                                                        
65481 51 5 50 2 -100 4300                                                       
65478 51 51 50 2 -100 4500                                                      
65478 51 53 50 2 -100 -100                                                      
65478 51 52 50 2 -100 -300                                                      
65481 51 6 50 2 -100 -200                                                       
65480 50 5 50 2 -100 4400                                                       
65478 50 51 50 2 0 4500                                                         
65479 50 51 50 2 0 -100                                                         
65477 50 51 50 2 0 -100                                                         
65479 50 51 50 2 0 -100                                                         
65477 50 51 50 2 0 -100                                                         
65479 49 51 50 2 0 -100                                                         
65478 50 51 50 2 100 -100                                                       
65478 50 51 50 2 0 -100                                                         
65478 49 51 50 2 0 -100                                                         
65479 49 51 50 2 100 -100                                                       
65477 50 51 50 2 100 -100                                                       
65479 49 51 50 2 0 -100                                                         
65478 49 51 50 2 100 -100                                                       
65478 50 51 50 2 100 -100                                                       
65478 49 51 50 2 0 -100                                                         
65479 50 51 50 2 100 -100                                                       
65477 49 51 50 2 0 -100                                                         
65479 50 51 50 2 100 -100                                                       
65477 50 51 50 2 0 -100                                                         
65478 50 51 50 2 0 -100                                                         
65479 50 51 50 2 0 -100                                                         
65478 50 51 50 2 0 -100                                                         
65478 50 51 50 2 0 -100                                                         
65479 50 51 50 2 0 -100                                                         
65477 50 51 50 2 0 -100                                                         
65479 50 51 50 2 0 -100                                                         
65478 50 51 50 2 0 -100                                                         
65478 50 51 50 2 0 -100                                                         
65478 49 51 50 2 0 -100                                                         
65479 49 51 50 2 100 -100                                                       
65477 50 51 50 2 100 -100                                                       
65479 50 51 50 2 0 -100                                                         
65478 50 51 50 2 0 -100                                                         
65478 50 51 50 2 0 -100                                                         
65478 50 51 50 2 0 -100                                                         
65478 50 51 50 2 0 -100                                                         
65478 50 51 50 2 0 -100                                                         
65479 50 51 50 2 0 -100                                                         
65477 50 51 50 2 0 -100                                                         
65478 50 51 30 2 0 -100                                                         
65479 49 50 30 2 -2000 -2100                                                    
65478 49 50 30 2 -1900 -2000                                                    
65478 48 48 30 2 -1900 -2000                                                    
65481 46 5 30 2 -1800 -1800                                                     
65478 44 45 30 2 -1600 2500                                                     
65479 43 44 30 2 -1400 -1500                                                    
65482 41 5 30 2 -1300 -1400                                                     
65478 40 42 30 2 -1100 2500                                                     
65480 39 42 30 2 -1000 -1200                                                    
65479 37 42 30 2 -900 -1200                                                     
65479 36 42 30 2 -700 -1200                                                     
65479 34 46 30 2 -600 -1200                                                     
65480 33 40 30 2 -400 -1600                                                     
65477 32 72 30 2 -300 -1000                                                     
65476 118 36 30 2 -200 -4200                                                    
65480 28 35 30 2 -8800 -600                                                     
65480 26 34 30 2 200 -500                                                       
65478 24 79 30 2 400 -400                                                       
65479 23 80 30 2 600 -4900                                                      
65480 21 29 30 2 700 -5000                                                      
65481 21 25 30 2 900 100                                                        
65482 20 24 30 2 900 500                                                        
65480 20 25 30 2 1000 600                                                       
65482 22 25 30 2 1000 500                                                       
65481 23 25 30 2 800 500                                                        
65481 23 26 30 2 700 500                                                        
65480 25 28 30 2 700 400                                                        
65481 27 29 30 2 500 200                                                        
65481 29 31 30 2 300 100                                                        
65480 32 28 30 2 100 -100                                                       
65482 33 2 30 2 -200 200                                                        
65482 34 0 30 2 -300 2800                                                       
65482 34 1 30 2 -400 3000                                                       
65479 35 36 30 2 -400 2900                                                      
65480 34 38 30 2 -500 -600                                                      
65480 34 38 30 2 -400 -800                                                      
65479 33 42 30 2 -400 -800                                                      
65480 32 40 30 2 -300 -1200
65477 33 68 30 2 -8200 -1000                                                    
65476 33 37 30 2 -300 -3800                                                    
65474 32 59 30 2 -7600 -700                                                    
65478 27 72 30 2 -7500 -2900                                                    
65475 99 62 30 2 300 -4200                                                      
65474 94 65 30 2 -6900 -3200                                                    
65476 33 57 30 2 -6400 -3500                                                   
65477 22 71 30 2 -7000 -2700                                                    
65482 19 27 30 2 800 -4100                                                      
65481 19 27 30 2 1100 300                                                       
65481 17 25 30 2 1100 300                                                       
65482 16 25 30 2 1300 500                                                       
65481 19 25 30 2 1400 500                                                       
65482 20 24 30 2 1100 500                                                       
65480 21 24 30 2 1000 600                                                       
65480 48 24 30 2 900 600                                                        
65482 19 24 30 2 -1800 600                                                      
65480 24 26 30 2 1100 600                                                       
65481 24 28 30 2 600 400                                                        
65481 24 29 30 2 600 200                                                        
65481 24 30 30 2 600 100                                                        
65480 26 31 30 2 600 0                                                          
65481 27 31 30 2 400 -100                                                       
65481 28 31 30 2 300 -100                                                       
65480 28 30 30 2 200 -100                                                       
65481 30 30 30 2 200 0                                                          
65480 32 31 30 2 0 0                                                            
65480 33 30 30 2 -200 -100                                                      
65480 33 30 30 2 -300 0                                                         
65481 33 30 30 2 -300 0                                                         
65481 32 30 30 2 -300 0                                                         
65480 31 30 30 2 -200 0                                                         
65481 30 25 30 2 -100 0                                                         
65482 29 4 30 2 0 500                                                           
65481 29 5 30 2 100 2600                                                        
65481 29 31 30 2 100 2500                                                       
65480 31 32 30 2 100 -100                                                       
65483 30 4 30 2 -100 -200                                                       
65479 30 32 30 2 0 2600                                                         
65482 30 4 30 2 0 -200                                                          
65483 30 5 30 2 0 2600                                                          
65481 30 5 30 2 0 2500                                                          
65480 31 34 30 2 0 2500                                                         
65481 31 34 30 2 -100 -400                                                      
65479 31 33 30 2 -100 -400                                                      
65481 30 33 30 2 -100 -300                                                      
65480 30 32 30 2 0 -300                                                         
65481 30 31 30 2 0 -200                                                         
65480 29 30 30 2 0 -100                                                         
65481 28 30 30 2 100 0                                                          
65481 28 30 30 2 200 0                                                          
65480 29 29 30 2 200 0                                                          
65481 29 30 30 2 100 100                                                        
65480 30 30 30 2 100 0                                                          
65480 31 31 30 2 0 0                                                            
65481 31 29 30 2 -100 -100                                                      
65480 31 30 30 2 -100 100                                                       
65481 31 29 30 2 -100 0                                                         
65480 31 30 30 2 -100 100                                                       
65481 30 25 30 2 -100 0                                                         
65481 30 29 30 2 0 500                                                          
65479 30 30 30 2 0 100                                                          
65481 30 30 30 2 0 0                                                            
65481 30 30 30 2 0 0                                                            
65480 30 30 30 2 0 0                                                            
65481 30 30 30 2 0 0                                                            
65481 30 30 30 2 0 0                                                            
65481 30 30 30 2 0 0                                                            
65480 30 30 30 2 0 0                                                            
65480 30 30 30 2 0 0                                                            
65481 30 30 30 2 0 0                                                            
65480 30 30 30 2 0 0                                                            
65481 30 30 30 2 0 0                                                            
65481 30 30 30 2 0 0                                                            
65480 30 30 30 2 0 0                                                            
65481 30 30 30 2 0 0                                                            
65481 30 30 30 2 0 0                                                            
65481 30 30 30 2 0 0                                                            
65480 30 30 30 2 0 0                                                            
65480 30 30 30 2 0 0                                                            
65481 30 30 30 2 0 0                                                            
65480 30 30 30 2 0 0                                                            
65481 30 30 30 2 0 0                                                            
65481 30 30 30 2 0 0                                                            
65480 30 30 30 2 0 0                                                            
65481 30 30 30 2 0 0                                                            
65481 30 30 30 2 0 0                                                            
65481 30 30 30 2 0 0                                                            
65479 30 30 30 2 0 0                                                            
65481 30 30 30 2 0 0                                                            
65481 30 30 30 2 0 0                                                            
65480 30 30 30 2 0 0                                                            
65481 30 30 30 2 0 0                                                            
65481 30 30 30 2 0 0                                                            
65481 30 30 30 2 0 0                                                            
65480 30 30 30 2 0 0                                                            
65481 30 30 30 2 0 0                                                            
65481 30 30 30 2 0 0                                                            
65479 30 30 30 2 0 0                                                            
65481 30 30 30 2 0 0                                                            
65481 30 30 30 2 0 0                                                            
65480 30 30 30 2 0 0                                                            
65481 30 30 30 2 0 0                                                            
65481 30 30 30 2 0 0                                                            
65481 30 30 30 2 0 0                                                            
65480 30 30 30 2 0 0                                                            
65481 30 30 30 0 0 0                                                            
65480 30 30 30 0 0 0                                                            
65480 30 30 30 0 0 0                                                            
65481 30 30 30 0 0 0                                                            
65481 30 30 30 0 0 0                                                            
65480 30 30 30 0 0 0                                                            
65481 30 30 30 0 0 0                                                            
65481 30 30 30 0 0 0                                                            
65481 30 30 30 0 0 0                                                            
65480 30 30 30 0 0 0                                                            
65481 30 30 30 0 0 0                                                            
65481 30 30 30 0 0 0                                                            
65479 30 30 30 0 0 0                                                            
65481 30 30 30 0 0 0                                                            
65481 30 30 30 0 0 0                                                            
65480 30 30 30 0 0 0                                                            
65481 30 30 30 0 0 0                                                            
65481 30 30 30 0 0 0                                                            
65481 30 30 30 0 0 0                                                            
65480 30 30 30 0 0 0                                                            
65481 30 30 30 0 0 0                                                            
65481 30 30 30 0 0 0                                                            
65480 30 30 30 0 0 0                                                            
65480 30 30 30 0 0 0                                                            
65481 30 30 30 0 0 0                                                            
65480 30 30 30 0 0 0                                                            
65481 30 30 30 0 0 0                                                            
65481 30 30 30 0 0 0                                                            
65481 30 30 30 0 0 0                                                            
65480 30 31 30 0 0 0                                                            
65481 30 30 30 0 0 0                                                            
65481 30 31 30 0 0 0                                                            
65479 30 31 30 0 0 0                                                            
65481 30 30 30 0 0 0                                                            
65481 30 30 30 0 0 0                                                            
65480 30 30 30 0 0 0                                                            
65481 30 31 30 0 0 0                                                            
65481 30 31 30 0 0 0                                                            
65481 30 31 30 0 0 0                                                            
65480 30 30 30 0 0 0                                                            
65481 30 31 30 0 0 0                                                            
65480 30 30 30 0 0 0                                                            
65480 30 30 30 0 0 0                                                            
65481 30 31 30 0 0 0                                                            
65481 30 30 30 0 0 0                                                            
65480 30 30 30 0 0 0                                                            
65481 30 30 30 0 0 0                                                            
65481 30 30 30 0 0 0                                                            
65481 30 30 30 0 0 0                                                            
65480 30 30 30 0 0 0                                                            
65482 30 7 30 0 0 0                                                             
65483 12 9 30 0 0 0                                                             
65483 9 8 30 0 0 0                                                              
65483 10 9 30 0 0 0                                                             
65482 8 19 30 0 0 0                                                             
65483 7 16 30 0 0 0                                                             
                                                                                
65483 7 17 30 0 0 0
65483 5 5 30 0 0 0
65484 9 4 30 0 0 0
65482 30 6 30 0 0 0
65481 30 31 30 0 0 0
65480 30 30 30 0 0 0
65481 30 30 30 0 0 0
65481 30 30 30 0 0 0
65479 30 30 30 0 0 0
65481 30 30 30 0 0 0
65481 30 30 30 0 0 0
65480 30 30 30 0 0 0
65481 30 30 30 0 0 0
65481 30 30 30 0 0 0
65481 30 30 30 0 0 0
65480 30 30 30 0 0 0
65481 30 30 30 0 0 0
65481 30 30 30 0 0 0
65479 30 30 30 0 0 0
65481 30 30 30 0 0 0
65481 30 30 30 0 0 0
65483 30 6 30 0 0 0
65480 30 30 30 0 0 0
65480 30 30 30 0 0 0
65481 30 30 30 0 0 0
65480 30 30 30 0 0 0
65481 30 30 30 0 0 0
65481 30 30 30 0 0 0
65480 30 30 30 0 0 0
65481 30 30 30 0 0 0
65481 30 30 30 0 0 0
65481 30 30 30 0 0 0
65480 30 30 30 0 0 0
65481 30 30 30 0 0 0
65480 30 30 30 0 0 0
65480 30 30 30 0 0 0
65481 30 30 30 0 0 0
65481 30 30 30 0 0 0
65480 30 30 30 0 0 0
65481 30 30 30 0 0 0
65481 30 30 30 0 0 0
65481 30 30 30 0 0 0
65480 30 30 30 0 0 0
65481 30 30 30 0 0 0
65480 30 30 30 0 0 0
65481 30 26 30 0 0 0
65481 30 27 30 0 0 0
65480 31 33 30 0 0 0
65480 33 34 30 0 0 0
65480 34 35 30 0 0 0
65481 35 35 30 0 0 0
65480 35 36 30 0 0 0
65479 36 38 30 0 0 0
65480 36 40 30 0 0 0
65480 36 41 30 0 0 0
65479 38 42 30 0 0 0
65470 127 116 30 0 0 0
65470 126 121 30 0 0 0
65471 128 106 30 0 0 0
65473 112 70 30 0 0 0
65474 115 70 30 0 0 0
65470 121 118 30 0 0 0
65473 127 72 30 0 0 0
65468 137 134 30 0 0 0
65476 70 83 30 0 0 0
65466 156 150 30 0 0 0
65474 82 87 30 0 0 0
65474 87 93 30 0 0 0
65473 92 97 30 0 0 0
65472 98 103 30 0 0 0
65473 103 108 30 0 0 0
65471 110 113 30 0 0 0
65471 116 119 30 0 0 0
65469 125 127 30 0 0 0
65468 135 134 30 0 0 0
65468 143 142 30 0 0 0
65467 151 151 30 0 0 0
65466 160 158 30 0 0 0
65465 169 165 30 0 0 0
65463 177 173 30 0 0 0
65464 187 182 30 0 0 0
65461 197 193 30 0 0 0
65461 0 0 30 0 0 0
65461 0 0 30 0 0 0
65462 0 0 30 0 0 0
65476 63 65 30 0 0 0
65474 64 126 30 0 0 0
65468 0 66 30 0 0 0
65470 70 0 30 0 0 0
65473 121 65 30 0 0 0
65473 74 120 30 0 0 0
65468 0 68 30 0 0 0
65468 0 80 30 0 0 0
65469 0 79 30 0 0 0
65473 136 34 30 0 0 0
65479 31 78 30 0 0 0
65467 0 77 30 0 0 0
65481 30 29 30 0 0 0
65481 30 28 30 0 0 0
65471 0 28 30 0 0 0
65471 0 28 30 0 0 0
65471 0 28 30 0 0 0
65472 0 28 30 0 0 0
65470 0 29 30 0 0 0
65472 0 28 30 0 0 0
65470 0 28 30 0 0 0
65472 0 28 30 0 0 0
65470 0 28 30 0 0 0
65472 0 28 30 0 0 0
65470 0 28 30 0 0 0
65472 0 28 30 0 0 0
65470 0 28 30 0 0 0
65471 0 28 30 0 0 0
65472 0 28 30 0 0 0
65470 0 28 30 0 0 0
65472 0 28 30 0 0 0
65470 0 28 30 0 0 0
65472 0 28 30 0 0 0
65470 0 28 30 0 0 0
65482 29 27 30 0 0 0
65481 27 25 30 0 0 0
65480 26 24 30 0 0 0
65482 26 23 30 0 0 0
65481 25 23 30 0 0 0
65482 26 22 30 0 0 0
65481 24 22 30 0 0 0
65481 25 22 30 0 0 0
65482 25 22 30 0 0 0
65480 24 22 30 0 0 0
65482 24 22 30 0 0 0
65482 24 22 30 0 0 0
65481 24 22 30 0 0 0
65481 24 22 30 0 0 0
65482 24 22 30 0 0 0
65481 24 22 30 0 0 0
65482 24 22 30 0 0 0
65481 24 22 30 0 0 0
65482 24 22 30 0 0 0
65481 24 22 30 0 0 0
65481 24 22 30 0 0 0
65482 24 22 30 0 0 0
65481 24 22 30 0 0 0
65482 25 22 30 0 0 0
65480 25 22 30 0 0 0
65482 25 22 30 0 0 0
65482 25 22 30 0 0 0
65480 25 22 30 0 0 0
65482 25 22 30 0 0 0
65482 24 22 30 0 0 0
65481 24 22 30 0 0 0
65481 24 22 30 0 0 0
65482 25 22 30 0 0 0
65481 25 22 30 0 0 0
65482 25 22 30 0 0 0
65480 25 22 30 0 0 0
65482 25 22 30 0 0 0
65482 25 22 30 0 0 0
65480 25 22 30 0 0 0
65482 25 22 30 0 0 0
65482 25 22 30 0 0 0
65481 25 22 30 0 0 0
65481 25 23 30 0 0 0
65481 25 22 30 0 0 0
65482 25 22 30 0 0 0
65481 25 22 30 0 0 0
65481 25 22 30 0 0 0
65482 25 22 30 0 0 0
65481 25 23 30 0 0 0
65481 24 22 30 0 0 0
65482 24 22 30 0 0 0
