65482 17 17 30 0 0 0                                                            
65482 17 17 30 0 0 0                                                            
65482 17 17 30 0 0 0                                                            
65482 17 17 30 0 0 0                                                            
65483 17 17 30 0 0 0                                                            
65481 17 17 30 0 0 0                                                            
65482 17 17 30 0 0 0                                                            
65483 17 17 30 4 0 0                                                            
65481 17 17 30 4 -150 -75                                                       
65482 17 17 30 4 -150 -75                                                       
65482 17 17 30 4 -150 -75                                                       
65482 17 18 30 4 -150 -75                                                       
65482 16 13 30 4 -150 -75                                                       
65482 16 19 30 4 -150 -75                                                       
65482 17 20 30 4 -150 -75                                                       
65482 17 20 30 4 -150 -75                                                       
65481 17 20 30 4 -150 -75                                                       
65482 18 21 30 4 -150 -75                                                       
65482 19 23 30 4 -150 -75                                                       
65480 19 24 30 4 -150 -75                                                       
65482 21 25 30 4 -150 -75                                                       
65481 21 27 30 4 -150 -75                                                       
65481 22 28 30 4 -150 -75                                                       
65481 23 29 30 4 -150 -75                                                       
65480 25 33 30 4 -150 -75                                                       
65469 131 125 30 4 -75 -150                                                     
65476 26 123 30 4 -75 -150                                                      
65475 26 128 30 4 -75 -150                                                      
65480 27 34 30 4 -75 -150                                                       
65481 29 35 30 4 -75 -150                                                       
65480 30 34 30 4 -75 -150                                                       
65480 33 33 30 4 -75 -150                                                       
65480 31 33 30 4 -75 -150                                                       
65480 31 33 30 4 -75 -150                                                       
65480 31 34 30 4 -75 -150                                                       
65481 30 34 30 4 -75 -150                                                       
65480 30 35 30 4 -75 -150                                                       
65479 31 37 30 4 -75 -150                                                       
65481 31 34 30 4 -75 -150                                                       
65480 31 34 30 4 -75 -150                                                       
65481 31 33 30 4 -75 -150                                                       
65479 31 34 30 4 -75 -150                                                       
65481 31 32 30 4 -75 -150                                                       
65480 32 32 30 4 -75 -150                                                       
65480 31 33 30 4 -75 -150                                                       
65480 32 33 30 4 -75 -150                                                       
65481 32 33 30 4 -75 -150                                                       
65479 33 33 30 4 -75 -150                                                       
65481 33 32 30 4 -75 -150                                                       
65480 32 32 30 4 -75 -150                                                       
65481 32 30 30 4 -75 -150                                                       
65479 31 30 30 4 -150 -75                                                       
65481 32 29 30 4 -150 -75                                                       
65481 32 29 30 4 -150 -75                                                       
65479 31 29 30 4 -150 -75                                                       
65481 31 29 30 4 -150 -75                                                       
65481 31 23 30 4 -150 -75                                                       
65480 32 29 30 4 -150 -75                                                       
65481 31 29 30 4 -150 -75                                                       
65481 31 25 30 4 -150 -75                                                       
65479 30 28 30 4 -150 -75                                                       
65481 30 32 30 4 -150 -75                                                       
65481 31 33 30 4 -75 -150                                                       
65480 31 32 30 4 -75 -150                                                       
65478 30 60 30 4 -75 -150                                                       
65481 31 32 30 4 -75 -150                                                       
65480 30 28 30 4 -75 -150                                                       
65480 31 31 30 4 -150 -75                                                       
65481 31 32 30 4 -75 -150                                                       
65480 30 32 30 4 -75 -150                                                       
65480 31 31 30 4 -75 -150                                                       
65481 31 24 30 4 -75 -150                                                       
65481 31 30 30 4 -150 -75                                                       
65479 31 29 30 4 -150 -75                                                       
65481 31 29 30 4 -150 -75                                                       
65481 31 29 30 4 -150 -75                                                       
65481 31 30 30 4 -150 -75                                                       
65479 29 30 30 4 -150 -75                                                       
65481 29 30 30 4 -75 -150                                                       
65481 29 30 30 4 -75 -150                                                       
65480 29 30 30 4 -75 -150                                                       
65480 29 30 30 4 -75 -150                                                       
65481 29 29 30 4 -75 -150                                                       
65480 30 22 30 4 -150 -75                                                       
65482 29 21 30 4 -150 -75                                                       
65481 29 28 30 4 -150 -75                                                       
65480 30 28 30 4 -150 -75                                                       
65480 29 28 30 4 -150 -75                                                       
65481 29 29 30 4 -150 -75                                                       
65481 29 26 30 4 -150 -75                                                       
65480 29 30 30 4 -150 -75                                                       
65481 28 28 30 4 -75 -150                                                       
65481 28 27 30 4 -150 -75                                                       
65481 28 28 30 4 -150 -75                                                       
65480 29 29 30 4 -150 -75                                                       
65480 28 30 30 4 -150 -75                                                       
65481 29 30 30 4 -75 -150                                                       
65480 29 30 30 4 -75 -150                                                       
65481 29 30 30 4 -75 -150                                                       
65481 30 30 30 4 -75 -150                                                       
65479 30 30 30 4 -150 -150                                                      
65481 29 29 30 4 -150 -150                                                      
65481 30 29 30 4 -150 -75                                                       
65481 30 30 30 4 -150 -75                                                       
65481 30 6 30 4 -150 -150                                                       
65480 30 31 30 4 -150 -75                                                       
65481 31 31 30 4 -75 -150                                                       
65480 31 31 30 4 -75 -150                                                       
65480 31 32 30 4 -75 -150                                                       
65481 31 32 30 4 -75 -150                                                       
65479 31 32 50 4 -75 -150                                                       
65481 31 32 50 4 -150 -75                                                       
65480 31 32 50 4 -150 -75                                                       
65480 31 32 50 4 -150 -75                                                       
65480 31 32 50 4 -150 -75                                                       
65481 32 33 50 4 -150 -75                                                       
65480 32 33 50 4 -150 -75                                                       
65480 32 34 50 4 -150 -75                                                       
65480 33 34 50 4 -150 -75                                                       
65480 34 35 50 4 -150 -75                                                       
65480 34 36 50 4 -150 -75                                                       
65480 35 37 50 4 -150 -75                                                       
65480 35 38 50 4 -150 -75                                                       
65479 36 39 50 4 -150 -75                                                       
65479 37 40 50 4 -150 -75                                                       
65476 38 109 50 4 -150 -75                                                      
65479 40 46 50 4 -75 -150                                                       
65479 40 42 50 4 -150 -75                                                       
65479 41 43 50 4 -150 -75                                                       
65479 41 44 50 4 -150 -75                                                       
65479 42 45 50 4 -150 -75                                                       
65479 41 47 50 4 -150 -75                                                       
65478 42 48 50 4 -150 -75                                                       
65479 42 50 50 4 -150 -75                                                       
65479 43 52 50 4 -75 -150                                                       
65478 44 52 50 4 -75 -150                                                       
65478 44 52 50 4 -75 -150                                                       
65478 45 53 50 4 -75 -150                                                       
65479 46 53 50 4 -75 -150                                                       
65478 46 53 50 4 -75 -150                                                       
65478 47 53 50 4 -75 -150                                                       
65478 47 54 50 4 -75 -150                                                       
65478 48 54 50 4 -75 -150                                                       
65478 48 53 50 4 -75 -150                                                       
65478 49 55 50 4 -75 -150                                                       
65478 49 54 50 4 -75 -150                                                       
65478 50 54 50 4 -75 -150                                                       
65478 50 54 50 4 -75 -150                                                       
65478 51 54 50 4 -75 -150                                                       
65478 51 54 50 4 -75 -150                                                       
65478 51 54 50 4 -75 -150                                                       
65477 51 53 50 4 -75 -150                                                       
65478 51 53 50 4 -75 -150                                                       
65479 51 52 50 4 -75 -150                                                       
65477 52 52 50 4 -75 -150                                                       
65478 52 53 50 4 -75 -150                                                       
65478 52 52 50 4 -75 -150                                                       
65478 52 52 50 4 -75 -150                                                       
65478 52 51 50 4 -75 -150                                                       
65478 52 51 50 4 -75 -150                                                       
65478 52 51 50 4 -75 -150                                                       
65478 53 51 50 4 -75 -150                                                       
65477 52 50 50 4 -75 -150                                                       
65479 52 50 50 4 -150 -75                                                       
65478 52 49 50 4 -150 -75                                                       
65478 52 49 50 4 -150 -75                                                       
65478 51 48 50 4 -150 -75                                                       
65479 51 49 50 4 -150 -75                                                       
65477 51 49 50 4 -150 -75                                                       
65479 50 49 50 4 -150 -75                                                       
65478 51 49 50 4 -150 -75                                                       
65478 50 50 50 4 -150 -75                                                       
65478 50 50 50 4 -150 -150                                                      
65479 51 50 50 4 -150 -150                                                      
65477 50 50 50 4 -150 -75                                                       
65479 50 51 50 4 -150 -150                                                      
65477 51 51 50 4 -75 -150                                                       
65481 51 7 50 4 -75 -150                                                        
65481 51 5 50 4 -150 -75                                                        
65478 51 50 50 4 -150 -75                                                       
65478 51 50 50 4 -150 -75                                                       
65478 51 52 50 4 -150 -75                                                       
65478 50 52 50 4 -75 -150                                                       
65478 51 54 50 4 -75 -150                                                       
65478 51 54 50 4 -75 -150                                                       
65477 51 54 50 4 -75 -150                                                       
65479 51 50 50 4 -75 -150                                                       
65478 51 49 50 4 -150 -75                                                       
65478 51 48 50 4 -150 -75                                                       
65478 51 52 50 4 -150 -75                                                       
65478 53 50 50 4 -75 -150                                                       
65477 54 54 50 4 -150 -75                                                       
65479 53 51 50 4 -75 -150                                                       
65477 54 51 50 4 -75 -150                                                       
65478 53 54 50 4 -75 -150                                                       
65478 54 54 50 4 -75 -150                                                       
65477 54 53 50 4 -75 -150                                                       
65478 54 53 50 4 -75 -150                                                       
65479 54 53 50 4 -75 -150                                                       
65477 55 52 50 4 -75 -150                                                       
65478 54 51 50 4 -75 -150                                                       
65478 54 52 50 4 -75 -150                                                       
65477 53 51 50 4 -75 -150                                                       
65479 53 50 50 4 -75 -150                                                       
65477 53 50 50 4 -150 -75                                                       
65478 53 50 50 4 -150 -75                                                       
65479 52 50 50 4 -150 -75                                                       
65477 52 49 50 4 -150 -75                                                       
65479 52 49 50 4 -150 -75                                                       
65478 52 49 50 4 -150 -75                                                       
65478 51 49 50 4 -150 -75                                                       
65478 51 48 50 4 -150 -75                                                       
65479 51 49 50 4 -150 -75                                                       
65477 50 49 50 4 -150 -75                                                       
65479 50 50 50 4 -150 -75                                                       
65478 50 50 50 4 -150 -150                                                      
65478 50 49 50 4 -150 -150                                                      
65479 50 46 50 4 -150 -75                                                       
65478 50 50 50 4 -150 -75                                                       
65478 50 50 50 4 -150 -150                                                      
65478 50 51 50 4 -150 -150                                                      
65477 51 51 50 4 -75 -150                                                       
65479 51 50 50 4 -75 -150                                                       
65478 51 50 50 4 -150 -75                                                       
65478 51 51 50 4 -150 -75                                                       
65478 51 51 50 4 -75 -150                                                       
65479 51 50 50 4 -75 -150                                                       
65477 52 51 50 4 -150 -75                                                       
65478 51 51 50 4 -75 -150                                                       
65479 51 51 50 4 -75 -150                                                       
65477 51 50 50 4 -75 -150                                                       
65479 52 51 50 4 -150 -75                                                       
65478 51 51 50 4 -75 -150                                                       
65477 51 50 50 4 -75 -150                                                       
65479 51 50 50 4 -150 -75                                                       
65477 51 50 50 4 -150 -75                                                       
65479 52 51 50 4 -150 -75                                                       
65478 51 50 50 4 -75 -150                                                       
65478 51 50 50 4 -150 -75                                                       
65478 51 50 50 4 -150 -75                                                       
65478 51 50 50 4 -150 -75                                                       
65478 51 51 50 4 -150 -75                                                       
65478 51 50 50 4 -75 -150                                                       
65479 51 51 50 4 -150 -75                                                       
65477 51 49 50 4 -75 -150                                                       
65479 51 51 50 4 -150 -75                                                       
65477 51 51 50 4 -75 -150                                                       
65478 51 52 50 4 -75 -150                                                       
65479 51 52 50 4 -75 -150                                                       
65477 52 52 50 4 -75 -150                                                       
65478 52 52 30 4 -75 -150                                                       
65479 52 46 30 4 -75 -150                                                       
65477 52 47 30 4 -75 -150                                                       
65479 52 51 30 4 -75 -150                                                       
65478 52 50 30 4 -75 -150                                                       
65477 52 49 30 4 -75 -150                                                       
65479 52 50 30 4 -75 -150                                                       
65478 52 49 30 4 -75 -150                                                       
65478 51 48 30 4 -75 -150                                                       
65479 51 48 30 4 -75 -150                                                       
65477 51 48 30 4 -75 -150                                                       
65479 51 47 30 4 -75 -150                                                       
65478 51 46 30 4 -75 -150                                                       
65478 51 46 30 4 -75 -150                                                       
65479 50 44 30 4 -75 -150                                                       
65479 50 44 30 4 -75 -150                                                       
65478 50 43 30 4 -75 -150                                                       
65479 50 43 30 4 -75 -150                                                       
65479 49 42 30 4 -75 -150                                                       
65476 50 68 30 4 -75 -150                                                       
65478 49 67 30 4 -75 -150                                                       
65470 108 121 30 4 -75 -150                                                     
65475 49 117 30 4 -75 -150                                                      
65477 47 72 30 4 -75 -150                                                       
65477 48 70 30 4 -75 -150                                                       
65477 46 67 30 4 -75 -150                                                       
65477 45 74 30 4 -75 -150                                                       
65478 46 71 30 4 -75 -150                                                       
65471 111 116 30 4 -75 -150                                                     
65470 113 114 30 4 -75 -150                                                     
65470 121 114 30 4 -75 -150                                                     
65471 120 119 30 4 -75 -150                                                     
65470 113 113 30 4 -75 -150                                                     
65472 114 113 30 4 -75 -150                                                     
65470 114 121 30 4 -75 -150                                                     
65471 112 114 30 4 -75 -150                                                     
65471 112 111 30 4 -75 -150                                                     
65473 89 113 30 4 -75 -150                                                      
65470 107 110 30 0 -75 -150                                                     
65472 107 113 30 0 0 0                                                          
65471 103 114 30 0 0 0                                                          
65472 115 110 30 0 0 0                                                          
65471 114 109 30 0 0 0                                                          
65471 109 112 30 0 0 0                                                          
65471 107 112 30 0 0 0                                                          
65472 106 112 30 0 0 0                                                          
65472 107 109 30 0 0 0                                                          
65471 106 121 30 0 0 0                                                          
65471 103 121 30 0 0 0
