65476 74 75 30 0 0 0
65475 74 75 30 0 0 0
65476 74 75 30 0 0 0
65476 74 75 30 0 0 0
65475 74 75 30 0 0 0
65476 74 75 30 0 0 0
65475 74 75 30 0 0 0
65476 74 75 30 0 0 0
65476 74 76 30 0 0 0
65475 74 75 30 0 0 0
65476 74 75 30 0 0 0
65475 74 75 30 0 0 0
65476 74 75 30 0 0 0
65475 74 75 30 0 0 0
65476 74 74 30 0 0 0
65475 74 75 30 0 0 0
65475 74 74 30 0 0 0
65476 74 75 30 0 0 0
65475 74 74 30 0 0 0
65476 74 74 30 0 0 0
65476 74 74 30 0 0 0
65475 74 74 30 0 0 0
65476 74 74 30 0 0 0
65475 74 74 30 0 0 0
65476 74 74 30 0 0 0
65475 74 74 30 0 0 0
65476 74 74 30 0 0 0
65476 74 74 30 0 0 0
65475 74 74 30 0 0 0
65476 74 74 30 0 0 0
65475 74 74 30 0 0 0
65476 74 74 30 0 0 0
65476 74 74 30 0 0 0
65475 74 74 30 0 0 0
65476 74 75 30 0 0 0
65475 74 74 30 0 0 0
65476 74 75 30 0 0 0
65475 74 75 30 0 0 0
65476 74 75 30 0 0 0
65476 74 75 30 0 0 0
65475 74 75 30 0 0 0
65476 74 75 30 0 0 0
65475 74 75 30 0 0 0
65476 74 75 30 0 0 0
65476 74 74 30 0 0 0
65475 74 75 30 0 0 0
65476 74 75 30 0 0 0
65474 74 75 30 0 0 0
65476 74 75 30 0 0 0
65475 74 75 30 0 0 0
65476 74 75 30 0 0 0
65476 74 75 30 0 0 0
65475 74 75 30 0 0 0
65476 74 74 30 0 0 0
65475 74 75 30 0 0 0
65476 74 74 30 0 0 0
65476 74 74 30 0 0 0
65475 74 75 30 0 0 0
65476 74 74 30 0 0 0
65475 74 75 30 0 0 0
65476 74 75 30 0 0 0
65475 74 75 30 0 0 0
65476 74 74 30 0 0 0
65476 74 75 30 0 0 0
65475 74 75 30 0 0 0
65476 74 75 30 0 0 0
65475 74 75 30 0 0 0
65476 74 74 30 0 0 0
65476 74 74 30 0 0 0
65475 74 74 30 0 0 0
65476 74 75 30 0 0 0
65475 75 75 30 0 0 0
65476 74 75 30 0 0 0
65474 74 74 30 0 0 0
65476 74 75 30 0 0 0
65476 74 75 30 0 0 0
65475 75 75 30 0 0 0
65476 74 75 30 0 0 0
65475 74 75 30 0 0 0
65476 74 75 30 0 0 0
65476 74 75 30 0 0 0
65475 74 75 30 0 0 0
65476 74 75 30 0 0 0
65475 74 74 30 0 0 0
65476 74 75 30 0 0 0
65475 74 75 30 0 0 0
65476 74 74 30 0 0 0
65476 74 75 30 0 0 0
65475 74 75 30 0 0 0
65476 74 75 30 0 0 0
65475 74 75 30 0 0 0
65476 74 75 30 0 0 0
65476 74 75 30 0 0 0
65475 74 74 30 0 0 0
65476 74 74 30 0 0 0
65475 74 74 30 0 0 0
65476 74 76 30 0 0 0
65475 74 75 30 0 0 0
65476 74 74 30 0 0 0
65476 74 74 30 0 0 0
65475 74 74 30 0 0 0
65475 75 75 30 0 0 0
65475 75 75 30 0 0 0
65476 74 75 30 0 0 0
65476 75 75 30 0 0 0
65475 74 75 30 0 0 0
65476 74 75 30 0 0 0
65475 75 75 30 0 0 0
65476 75 75 30 0 0 0
65475 74 76 30 0 0 0
65476 74 75 30 0 0 0
65476 74 76 30 0 0 0
65474 75 75 30 0 0 0
65476 74 74 30 0 0 0
65475 74 75 30 0 0 0
65476 74 75 30 0 0 0
65476 75 74 30 0 0 0
65475 74 74 30 0 0 0
65476 74 74 30 0 0 0
65475 74 74 30 0 0 0
65476 74 75 30 0 0 0
65475 74 75 30 0 0 0
65476 74 75 30 0 0 0
65476 74 74 30 0 0 0
65475 74 75 30 0 0 0
65476 74 74 30 0 0 0
65475 74 75 30 0 0 0
65476 74 74 30 0 0 0
65476 74 75 30 0 0 0
65475 75 75 30 0 0 0
65475 74 75 30 0 0 0
65475 74 74 30 0 0 0
65476 74 74 30 0 0 0
65475 75 75 30 0 0 0
65476 74 75 30 0 0 0
65476 74 76 30 0 0 0
65475 74 76 30 0 0 0
65476 74 74 30 0 0 0
65475 74 76 30 0 0 0
65476 74 76 30 0 0 0
65475 74 75 30 0 0 0
65476 74 75 30 0 0 0
65476 74 75 30 0 0 0
65475 74 75 30 0 0 0
65476 74 75 30 0 0 0
65475 74 75 30 0 0 0
65475 74 75 30 0 0 0
65476 74 75 30 0 0 0
65475 74 74 30 0 0 0
65476 74 75 30 0 0 0
65475 74 75 30 0 0 0
65476 74 75 30 0 0 0
65475 74 75 30 0 0 0
65476 74 74 30 0 0 0
65476 74 75 30 0 0 0
65475 74 75 30 0 0 0
65476 74 75 30 0 0 0
65475 75 75 30 0 0 0
65476 74 74 30 0 0 0
65476 74 75 30 0 0 0
65475 74 75 30 0 0 0
65476 75 75 30 0 0 0
65474 74 75 30 0 0 0
65476 74 75 30 0 0 0
65475 74 75 30 0 0 0
65476 75 75 30 0 0 0
65476 74 75 30 0 0 0
65475 74 75 30 0 0 0
65476 74 76 30 0 0 0
65475 74 75 30 0 0 0
65476 74 75 30 0 0 0
65476 74 76 30 0 0 0
65475 74 75 30 0 0 0
65476 74m 75 30 0 0 0
65475 74 75 30 0 0 0
065476 74 74 30 0 0 0
65474 74 75 30 0 0 0
65476 74 75 30 0 0 0
65476 74 75 30 0 0 0
65475 74 76 30 0 0 0
65476 74 75 30 0 0 0
65475 74 75 30 0 0 0
65476 74 75 30 0 0 0
+65476 74 75 30 0 0 0
65475 74 74 30 0 0 0
65476 74 74 30 0 0 0
65475 74 74 30 0 0 0
65476 74 74 30 0 0 0
65475 74 74 30 0 0 0
65476 74 74 30 0 0 0
65476 74 74 30 0 0 0
65475 74 74 30 0 0 0
65476 74 74 30 0 0 0
65475 74 74 30 0 0 0
65476 74 75 30 0 0 0
65476 74 75 30 0 0 0
65475 74 74 30 0 0 0
65476 74 74 30 0 0 0
65475 74 74 30 0 0 0
65476 74 75 30 0 0 0
65475 74 75 30 0 0 0
65476 74 75 30 0 0 0
65476 74 75 30 0 0 0
65475 74 75 30 0 0 0
65476 74 75 30 0 0 0
65475 74 74 30 0 0 0
65476 74 74 30 0 0 0
65475 74 75 30 0 0 0
65475 74 75 30 0 0 0
65476 74 75 30 0 0 0
65475 74 75 30 0 0 0
65476 74 75 30 0 0 0
c65475 74 74 30 0 0 0
65476 74 75 30 0 0 0
065476 74 75 30 0 0 0
65475 74 75 30 0 0 0
65476 74 75 30 0 0 0
65475 74 76 30 0 0 0
65476 74 75 30 0 0 0
65476 74 75 30 0 0 0
6+5475 74 75 30 0 0 0
65476 74 76 30 0 0 0
65475 74 75 30 0 0 0
65476 74 75 30 0 0 0
65474 74 75 30 0 0 0
65476 74 74 30 0 0 0
65476 74 74 30 0 0 0
65475 74 74 30 0 0 0
65476 74 74 30 0 0 0
65475 74 74 30 0 0 0
65476 74 74 30 0 0 0
65476 74 74 30 0 0 0
65475 74 75 30 0 0 0
65476 74 75 30 0 0 0
65475 74 75 30 0 0 0
65476 74 75 30 0 0 0
65475 74 75 30 0 0 0
65476 74 75 30 0 0 0
65476 74 75 30 0 0 0
65475 74 75 30 0 0 0
65476 74 75 30 0 0 0
65475 74 75 30 0 0 0
65476 74 75 30 0 0 0
65476 74 75 30 0 0 0
65475 74 75 30 0 0 0
65476 74 74 30 0 0 0
65475 74 75 30 0 0 0
65476 74 75 30 0 0 0
65475 74 75 30 0 0 0
r65476 74 75 30 0 0 0
65476 74 75 30 0 0 0
65475 74 75 30 0 0 0
654376 74 75 30 0 0 0
65475 74 75 30 0 0 0
65475 74 75 30 0 0 0
65476 74 75 30 0 0 0
65475 74 75 30 0 0 0
065476 74 75 30 0 0 0
65475 74 75 30 0 0 0
65476 74 75 30 0 0 0
65475 74 74 30 0 0 0
65476 74 75 30 0 0 0
65476 74 75 30 0 0 0
+65475 74 75 30 0 0 0
65476 74 75 30 0 0 0
65475 74 75 30 0 0 0
65476 74 75 30 0 0 0
65474 74 75 30 0 0 0
65476 74 74 30 0 0 0
65476 74 75 30 0 0 0
65475 74 74 30 0 0 0
65476 74 75 30 0 0 0
65475 74 75 30 0 0 0
65476 74 75 30 0 0 0
65476 74 75 30 0 0 0
65475 74 75 30 0 0 0
65476 74 75 30 0 0 0
65475 74 74 30 0 0 0
65476 74 75 30 0 0 0
65476 74 75 30 0 0 0
65475 74 75 30 0 0 0
65476 74 75 30 0 0 0
65475 75 75 30 0 0 0
65476 74 75 30 0 0 0
65475 74 75 30 0 0 0
65476 74 75 30 0 0 0
65476 74 75 30 0 0 0
65475 74 74 30 0 0 0
65476 74 74 30 0 0 0
65475 74 74 30 0 0 0
65476 74 74 30 0 0 0
65476 74 75 30 0 0 0
65475 74 75 30 0 0 0
65476 74 75 30 0 0 0
65475 74 75 30 0 0 0
65476 74 75 30 0 0 0
65474 74 75 30 0 0 0
65476 74 75 30 0 0 0
65476 74 75 30 0 0 0
65475 74 75 30 0 0 0
65476 74 75 30 0 0 0
65475 74 75 30 0 0 0
65476 74 75 30 0 0 0
65475 74 75 30 0 0 0
65476 74 75 30 0 0 0
65476 74 75 30 0 0 0
65475 74 74 30 0 0 0
65476 74 75 30 0 0 0
65475 74 74 30 0 0 0
65476 74 74 30 0 0 0
65476 74 74 30 0 0 0
65475 74 74 30 0 0 0
65476 74 74 30 0 0 0
65475 74 74 30 0 0 0
65476 74 74 30 0 0 0
65476 74 74 30 0 0 0
65475 74 75 30 0 0 0
65476 74 74 30 0 0 0
65475 74 74 30 0 0 0
65476 74 74 30 0 0 0
65475 74 75 30 0 0 0
65476 74 75 30 0 0 0
65476 74 75 30 0 0 0
65475 74 74 30 0 0 0
65476 74 74 30 0 0 0
65475 74 74 30 0 0 0
65476 74 74 30 0 0 0
65476 74 74 30 0 0 0
65475 74 75 30 0 0 0
65476 75 75 30 0 0 0
65475 74 74 30 0 0 0
65475 74 74 30 0 0 0
65475 75 74 30 0 0 0
65476 74 75 30 0 0 0
65476 74 75 30 0 0 0
65475 74 75 30 0 0 0
65476 74 75 30 0 0 0
65475 74 75 30 0 0 0
65476 74 75 30 0 0 0
65475 74 75 30 0 0 0
65476 74 75 30 0 0 0
65476 75 75 30 0 0 0
65475 74 75 30 0 0 0
65476 74 74 30 0 0 0
65475 74 75 30 0 0 0
65476 74 75 30 0 0 0
65476 74 75 30 0 0 0
65475 74 75 30 0 0 0
65476 74 75 30 0 0 0
65474 74 75 30 0 0 0
65476 74 75 30 0 0 0
65475 74 75 30 0 0 0
65476 74 75 30 0 0 0
65476 74 75 30 0 0 0
65475 74 75 30 0 0 0
65476 74 75 30 0 0 0
65475 74 74 30 0 0 0
65476 74 75 30 0 0 0
65476 74 75 30 0 0 0
65475 74 75 30 0 0 0
65476 74 75 30 0 0 0
65475 74 75 30 0 0 0
65476 74 75 30 0 0 0
65475 74 75 30 0 0 0
65476 74 75 30 0 0 0
65476 74 75 30 0 0 0
65475 74 75 30 0 0 0
65476 74 75 30 0 0 0
65475 74 75 30 0 0 0
65476 74 75 30 0 0 0
65475 74 75 30 0 0 0
65475 74 74 30 0 0 0
65476 74 75 30 0 0 0
65475 74 75 30 0 0 0
65476 74 75 30 0 0 0
65475 74 75 30 0 0 0
65476 74 75 30 0 0 0
65476 74 75 30 0 0 0
65475 74 75 30 0 0 0
65476 74 75 30 0 0 0
65475 74 75 30 0 0 0
65476 74 76 30 0 0 0
65476 74 75 30 0 0 0
65475 74 75 30 0 0 0
65476 74 75 30 0 0 0
65475 74 76 30 0 0 0
65475 74 75 30 0 0 0
65475 74 75 30 0 0 0
65476 74 75 30 0 0 0
65476 74 75 30 0 0 0
65475 74 75 30 0 0 0
65476 74 75 30 0 0 0
65475 74 75 30 0 0 0
65476 74 75 30 0 0 0
65476 74 75 30 0 0 0
65475 74 75 30 0 0 0
65476 74 74 30 0 0 0
65475 74 76 30 0 0 0
65476 74 75 30 0 0 0
65475 74 75 30 0 0 0
65476 74 75 30 0 0 0
65476 74 75 30 0 0 0
65475 74 75 30 0 0 0
65475 74 75 30 0 0 0
65475 74 76 30 0 0 0
65476 74 76 30 0 0 0
65476 74 75 30 0 0 0
65475 74 75 30 0 0 0
65476 74 76 30 0 0 0
65475 74 75 30 0 0 0
65476 74 75 30 0 0 0
65475 74 75 30 0 0 0
65476 74 75 30 0 0 0
65476 74 75 30 0 0 0
65475 74 75 30 0 0 0
65476 74 75 30 0 0 0
65475 74 75 30 0 0 0
65476 74 75 30 0 0 0
65476 74 75 30 0 0 0
65474 74 75 30 0 0 0
65476 74 75 30 0 0 0
65475 74 75 30 0 0 0
65476 74 75 30 0 0 0
65475 74 74 30 0 0 0
65476 74 75 30 0 0 0
65476 74 76 30 0 0 0
65475 74 75 30 0 0 0
65476 74 75 30 0 0 0
65475 74 75 30 0 0 0
65476 74 75 30 0 0 0
65476 74 75 30 0 0 0
65475 74 74 30 0 0 0
65476 74 74 30 0 0 0
65475 74 75 30 0 0 0
65475 74 75 30 0 0 0
65475 74 75 30 0 0 0
65476 74 75 30 0 0 0
65476 74 75 30 0 0 0
65475 74 75 30 0 0 0
65476 74 75 30 0 0 0
65475 74 75 30 0 0 0
65476 74 75 30 0 0 0
65476 74 75 30 0 0 0
65475 74 75 30 0 0 0
65476 74 75 30 0 0 0
65475 74 75 30 0 0 0
65476 74 75 30 0 0 0
65475 74 75 30 0 0 0
65476 74 75 30 0 0 0
65476 74 74 30 0 0 0
65475 74 75 30 0 0 0
65476 74 74 30 0 0 0
65475 74 75 30 0 0 0
65476 74 75 30 0 0 0
65476 74 74 30 0 0 0
65474 74 75 30 0 0 0
65476 74 74 30 0 0 0
65475 74 75 30 0 0 0
65476 74 74 30 0 0 0
65475 74 75 30 0 0 0
65476 74 75 30 0 0 0
65476 74 75 30 0 0 0
65475 74 74 30 0 0 0
65476 74 75 30 0 0 0
65475 74 75 30 0 0 0
65476 74 75 30 0 0 0
65475 74 75 30 0 0 0
65476 74 75 30 0 0 0
65476 74 75 30 0 0 0
65475 74 75 30 0 0 0
65476 74 74 30 0 0 0
65475 74 75 30 0 0 0
65476 74 75 30 0 0 0
65476 74 75 30 0 0 0
65474 74 75 30 0 0 0
65476 74 75 30 0 0 0
65475 74 74 30 0 0 0
65476 74 75 30 0 0 0
65475 74 74 30 0 0 0
65476 74 75 30 0 0 0
65476 74 74 30 0 0 0
65475 74 74 30 0 0 0
65476 74 74 30 0 0 0
65475 74 74 30 0 0 0
65476 74 75 30 0 0 0
65476 74 75 30 0 0 0
65475 74 75 30 0 0 0
65476 74 75 30 0 0 0
65475 74 75 30 0 0 0
65476 75 75 30 0 0 0
65475 74 75 30 0 0 0
65476 74 75 30 0 0 0
65476 74 75 30 0 0 0
65475 74 75 30 0 0 0
65476 74 74 30 0 0 0
65475 75 75 30 0 0 0
65476 74 75 30 0 0 0
65475 74 75 30 0 0 0
65475 75 75 30 0 0 0
65476 74 75 30 0 0 0
65475 74 75 30 0 0 0
65476 74 75 30 0 0 0
65475 74 75 30 0 0 0
65476 75 74 30 0 0 0
65476 75 75 30 0 0 0
65475 74 74 30 0 0 0
65476 74 75 30 0 0 0
65475 74 75 30 0 0 0
65476 75 75 30 0 0 0
65476 74 75 30 0 0 0
65m475 75 75 30 0 0 0
65476 74 75 30 0 0 0
65474 75 75 30 0 0 0
265476 74 75 30 0 0 0
65475 74 75 30 0 0 0
65476 74 75 30 0 0 0
65476 74 75 30 0 0 0
65475 75 75 30 0 0 0
65476 74 74 30 0 0 0
65475 74 75 30 0 0 0
65476 74 75 30 0 0 0
65476 75 75 30 0 0 0
65475 74 75 30 0 0 0
65476 74 75 30 0 0 0
+65475 74 74 30 0 0 0
65476 74 75 30 2 0 0
65475 74 75 30 2 -100 -100
65475 74 74 30 2 -100 -100
65476 73 75 30 2 -100 -100
65475 72 73 30 2 -100 -100
65476 72 73 30 2 -100 -100
65475 71 72 30 2 -100 -100
65476 70 70 30 2 -100 -100
65477 68 69 30 2 -100 -100
65475 68 68 30 2 -100 -100
65477 66 66 30 2 -100 -100
65476 64 64 30 2 -100 -100
65477 63 64 30 2 -100 -100
65477 62 62 30 2 -100 -100
65476 60 61 30 2 -100 -100
65478 59 59 30 2 -100 -100
65476 57 57 30 2 -100 -100
65478 56 56 30 2 -100 -100
65478 54 55 30 2 -100 -100
65477 53 53 30 2 -100 -100
65479 52 52 30 2 -100 -100
65478 51 50 30 2 -100 -100
65478 49 47 30 2 -100 -100
65478 48 47 30 2 -100 -100
65479 47 47 30 2 -100 -100
65478 45 46 30 2 -100 -100
65479 44 44 30 2 -100 -100
65480 42 42 30 2 -100 -100
65478 41 42 30 2 -100 -100
65480 40 39 30 2 -100 -100
65480 39 38 30 2 -100 -100
65479 37 37 30 2 -100 -100
65480 36 33 30 2 -100 -100
65480 35 35 30 2 -100 -100
65479 34 34 30 2 -100 -100
65481 32 32 30 2 -100 -100
65480 31 32 30 2 -100 -100
65480 30 29 30 2 -100 -100
65481 28 29 30 2 0 100
65481 28 29 30 2 100 100
65480 28 29 30 2 100 100
65480 28 29 30 2 100 100
65481 29 29 30 2 100 100
65481 29 31 30 2 100 100
65480 30 31 30 2 100 -100
65480 30 30 30 2 0 -100
65481 31 30 30 2 0 0
65480 31 30 30 2 -100 0
65481 31 29 30 2 -100 0
65481 30 30 30 2 -100 100
65479 30 30 30 2 0 0
65481 30 31 30 2 0 0
65481 30 30 30 2 0 -100
65481 30 30 30 2 0 0
65480 30 30 30 2 0 0
65481 30 30 30 2 0 0
65481 30 30 30 2 0 0
65479 30 30 30 2 0 0
65481 30 30 30 2 0 0
65481 30 31 30 2 0 0
65480 30 30 30 2 0 -100
65481 30 29 30 2 0 0
65481 30 30 30 2 0 100
65481 30 30 30 2 0 0
65480 30 30 30 2 0 0
65480 30 30 30 2 0 0
65481 30 31 30 2 0 0
65480 30 30 30 2 0 -100
65481 30 30 30 2 0 0
65481 30 30 30 2 0 0
65480 30 30 30 2 0 0
65481 30 29 30 2 0 0
65481 30 30 30 2 0 100
65480 30 30 30 2 0 0
65480 30 30 30 2 0 0
65481 30 30 30 2 0 0
65481 30 30 30 2 0 0
65480 30 30 30 2 0 0
65481 30 30 30 2 0 0
65481 30 30 30 2 0 0
r65480 30 30 30 2 0 0
65480 30 30 30 2 0 0
65481 30 30 30 2 0 0
65481 30 30 30 2 0 0
65480 30 31 30 2 0 0
65481 30 30 30 2 0 -100
65481 30 30 30 2 0 0
65480 30 29 30 2 0 0
65481 30 30 30 2 0 100
565480 30 30 30 2 0 0
65480 30 30 30 2 0 0
65481 30 31 30 2 0 0
650481 30 30 30 2 0 -100
65481 30 30 30 2 0 0
65480 30 29 30 2 0 0
65481 30 30 30 2 0 100
65480 30 30 30 2 0 0
65480 30 30 30 2 0 0
65481 30 30 30 2 0 0
65481 30 30 30 2 0 0
+65480 30 30 30 2 0 0
65481 30 31 30 2 0 0
65480 30 30 50 2 0 -100
65481 30 30 50 2 100 100
65480 31 27 50 2 100 100
65481 31 28 50 2 100 100
65480 32 31 50 2 100 100
65480 32 33 50 2 100 100
65480 33 33 50 2 100 100
65480 34 35 50 2 100 100
65480 35 36 50 2 100 100
65480 36 37 50 2 100 100
65479 37 38 50 2 100 100
65479 39 39 50 2 100 100
65480 40 40 50 2 100 100
65479 41 41 50 2 100 100
65479 42 42 50 2 100 100
65479 43 43 50 2 100 100
65479 44 43 50 2 100 100
65478 45 44 50 2 100 100
65479 47 42 50 2 100 100
65479 47 43 50 2 100 100
65478 48 45 50 2 100 100
65479 50 49 50 2 100 100
65478 51 50 50 2 0 100
65478 51 51 50 2 -100 0
65478 51 51 50 2 -100 -100
65479 51 49 50 2 -100 -100
65477 51 48 50 2 -100 100
65479 50 51 50 2 -100 100
65478 50 51 50 2 0 -100
65478 50 51 50 2 0 -100
65478 50 51 50 2 0 -100
65479 49 47 50 2 0 -100
65478 49 49 50 2 100 100
65478 49 49 50 2 100 100
65478 50 50 50 2 100 100
65478 50 50 50 2 0 0
65479 50 50 50 2 0 0
65477 50 50 50 2 0 0
65479 50 50 50 2 0 0
65479 50 50 50 2 0 0
65477 50 50 50 2 0 0
65479 50 50 50 2 0 0
65479 50 50 50 2 0 0
65477 50 50 50 2 0 0
65479 50 50 50 2 0 0
65479 50 50 50 2 0 0
65477 50 50 50 2 0 0
65479 50 51 50 2 0 0
65479 50 50 50 2 0 -100
65477 50 50 50 2 0 0
65479 50 50 50 2 0 0
65478 50 50 50 2 0 0
65478 50 50 50 2 0 0
65479 50 50 50 2 0 0
r65478 50 50 50 2 0 0
65478 50 50 50 2 0 0
65479 50 50 50 2 0 0
65478 50 49 50 2 0 0
65478 50 50 50 2 0 100
365479 50 50 50 2 0 0
65478 50 50 50 2 0 0
65478 50 50 50 2 0 0
65479 50 50 50 2 0 0
65478 50 50 50 2 0 0
065478 50 50 50 2 0 0
65479 50 50 50 2 0 0
65478 50 50 50 2 0 0
65478 50 50 50 2 0 0
65478 50 50 50 2 0 0
65478 50 50 50 2 0 0
65479 50 50 50 2 0 0
65478 50 50 50 2 0 0
65478 50 50 50 2 0 0
65479 50 50 50 2 0 0
65478 50 50 50 2 0 0
+65478 50 50 30 2 0 0
65479 50 50 30 2 -100 -100
65477 50 49 30 2 -100 -100
65479 49 48 30 2 -100 -100
65479 48 49 30 2 -100 -100
65477 48 47 30 2 -100 -100
65479 47 46 30 2 -100 -100
65479 45 45 30 2 -100 -100
65478 44 44 30 2 -100 -100
65480 43 43 30 2 -100 -100
65479 42 42 30 2 -100 -100
65478 41 41 30 2 -100 -100
65480 40 40 30 2 -100 -100
65480 39 39 30 2 -100 -100
65479 38 38 30 2 -100 -100
65480 36 37 30 2 -100 -100
65480 35 35 30 2 -100 -100
65479 34 34 30 2 -100 -100
65480 33 33 30 2 -100 -100
65481 32 32 30 2 -100 -100
65479 30 30 30 2 -100 -100
65481 29 29 30 2 0 0
65481 29 28 30 2 100 100
65480 29 28 30 2 100 100
65481 29 29 30 2 100 100
65481 29 30 30 2 100 100
65481 30 30 30 2 100 0
65479 31 30 30 2 0 0
65481 31 31 30 2 -100 0
65481 31 30 30 2 -100 -100
65480 30 30 30 2 -100 0
65480 30 30 30 2 0 0
65481 30 30 30 2 0 0
65480 30 30 30 2 0 0
65481 30 30 30 2 0 0
65481 30 30 30 2 0 0
65481 30 30 30 2 0 0
65480 30 30 30 2 0 0
65481 30 30 30 2 0 0
65481 30 30 30 2 0 0
65479 30 30 30 2 0 0
65481 30 30 30 2 0 0
65481 30 30 30 2 0 0
65480 30 30 30 2 0 0
65481 30 30 30 2 0 0
65481 30 30 30 2 0 0
65481 30 30 30 2 0 0
65480 30 30 30 2 0 0
65481 30 30 30 2 0 0
65480 30 30 30 2 0 0
65480 30 30 30 2 0 0
65481 30 30 30 2 0 0
65481 30 30 30 2 0 0
65480 30 30 30 2 0 0
65481 30 30 30 2 0 0
65481 30 30 30 2 0 0
65481 30 30 30 2 0 0
65480 30 30 30 2 0 0
65480 30 30 30 2 0 0
65481 30 30 30 2 0 0
65480 30 30 30 2 0 0
65481 30 30 30 2 0 0
65481 30 30 30 2 0 0
65480 30 30 30 2 0 0
65481 30 30 30 2 0 0
65481 30 30 30 2 0 0
65481 30 30 30 2 0 0
65479 30 31 30 2 0 0
65481 30 30 30 2 0 -100
65481 30 30 30 2 0 0
65480 30 30 30 2 0 0
65481 30 30 30 2 0 0
65481 30 30 30 2 0 0
65480 30 30 30 2 0 0
65481 30 30 30 2 0 0
65480 30 30 30 2 0 0
65481 30 30 30 2 0 0
c65480 30 30 30 2 0 0
65481 30 30 30 2 0 0
165481 30 30 30 2 0 0
65480 30 30 30 2 0 0
65481 30 30 30 2 0 0
65481 30 29 30 2 0 0
65481 30 29 30 2 0 100
65480 30 31 30 2 0 100
65480 30 31 30 2 0 -100
65481 30 30 30 2 0 -100
65480 30 30 30 2 0 0
65481 30 30 30 2 0 0
65481 30 30 30 2 0 0
65480 30 30 30 2 0 0
65480 30 30 30 2 0 0
65481 30 30 30 2 0 0
65480 30 31 30 2 0 0
65481 30 27 30 2 0 -100
65481 30 27 30 2 0 100
65481 30 30 30 2 0 100
65480 30 30 30 2 0 0
65481 30 31 30 2 0 0
65481 30 30 30 2 0 -100
65479 30 30 30 2 0 0
65481 30 30 30 2 0 0
65481 30 30 30 2 0 0
65481 30 30 30 2 0 0
65480 30 31 30 2 0 0
65481 30 30 30 2 0 -100
65481 30 30 30 2 0 0
+65479 30 30 30 2 0 0
65481 30 30 30 2 0 0
65481 30 30 30 2 0 0
65480 30 30 30 2 0 0
65481 30 30 30 2 0 0
65481 30 30 30 2 0 0
65481 30 30 30 2 0 0
65480 30 30 30 2 0 0
65480 30 30 30 2 0 0
65481 30 30 30 2 0 0
65480 30 30 30 2 0 0
65481 30 30 30 2 0 0
65481 30 30 30 2 0 0
65480 30 30 30 2 0 0
65481 30 30 30 2 0 0
65481 30 30 30 2 0 0
65481 30 30 30 2 0 0
65479 30 30 30 2 0 0
65481 30 30 30 2 0 0
65481 30 30 30 2 0 0
65480 30 30 30 2 0 0
65481 30 30 30 2 0 0
65481 30 31 30 2 0 0
65480 30 30 30 2 0 -100
65481 30 30 30 2 0 0
65481 30 29 30 2 0 0
65480 30 30 30 2 0 100
65480 30 30 30 2 0 0
r65481 30 31 30 2 0 0
65481 30 30 30 2 0 -100
65480 30 29 30 2 0 0
65481 30 30 30 2 0 100
65480 30 31 30 2 0 0
565480 30 30 30 2 0 -100
65481 30 30 30 2 0 0
65481 30 30 30 2 0 0
65481 30 30 30 2 0 0
65480 30 30 30 2 0 0
65481 30 31 30 2 0 0
65481 30 30 30 2 0 -100
650479 30 29 30 2 0 0
65481 30 30 30 2 0 100
65481 30 30 30 2 0 0
65480 30 31 30 2 0 0
65481 30 31 30 2 0 -100
65480 30 30 30 2 0 -100
65481 30 30 30 2 0 0
65480 30 26 30 2 0 0
65481 30 27 30 2 0 400
65481 30 31 30 2 0 300
+65480 30 32 30 2 0 -100
65481 30 32 30 2 0 -200
65480 30 32 50 2 0 -200
65480 30 31 50 2 2000 1800
65480 31 31 50 2 2000 1900
65481 32 33 50 2 1900 1900
65480 34 35 50 2 1800 1700
65479 36 38 50 2 1600 1500
65479 39 39 50 2 1400 1200
65479 42 42 50 2 1100 1100
65478 44 45 50 2 800 800
65479 47 47 50 2 600 500
65478 50 50 50 2 300 300
65478 54 53 50 2 0 0
65478 55 55 50 2 -400 -300
65477 56 55 50 2 -500 -500
65478 56 55 50 2 -600 -500
65478 55 53 50 2 -600 -500
65477 54 51 50 2 -500 -300
65478 51 49 50 2 -400 -100
65479 49 47 50 2 -100 100
65478 47 46 50 2 100 300
65479 46 45 50 2 300 400
65479 46 45 50 2 400 500
65478 46 46 50 2 400 500
65479 48 43 50 2 400 400
65477 50 50 50 2 200 700
65479 52 52 50 2 0 0
65478 54 54 50 2 -200 -200
65477 54 53 50 2 -400 -400
65478 53 53 50 2 -400 -300
65478 51 51 50 2 -300 -300
65478 49 49 50 2 -100 -100
65479 48 48 50 2 100 100
65479 47 47 50 2 200 200
65477 47 48 50 2 300 300
65479 48 45 50 2 300 200
65479 50 47 50 2 200 500
65477 51 52 50 2 0 300
65478 53 55 50 2 -100 -200
65477 53 55 50 2 -300 -500
65478 53 54 50 2 -300 -500
65479 52 53 50 2 -300 -400
65477 49 50 50 2 -200 -300
65479 47 48 50 2 100 0
65479 46 47 50 2 300 200
65478 46 42 50 2 400 300
65479 47 44 50 2 400 800
65479 48 45 50 2 300 600
65477 50 50 50 2 200 500
65479 52 53 50 2 0 0
65478 53 54 50 2 -200 -300
65477 53 54 50 2 -300 -400
65478 53 53 50 2 -300 -400
65478 51 48 50 2 -300 -300
65478 49 46 50 2 -100 200
65479 48 48 50 2 100 400
65478 47 49 50 2 200 200
65479 48 49 50 2 300 100
65478 49 50 50 2 200 100
65478 49 51 50 2 100 0
65478 50 49 50 2 100 -100
65479 52 51 50 2 0 100
65477 52 51 50 2 -200 -100
65478 52 51 50 2 -200 -100
65479 51 50 50 2 -200 -100
65477 50 47 50 2 -100 0
65479 49 46 50 2 0 300
65479 49 49 50 2 100 400
65478 48 50 50 2 100 100
65478 49 52 50 2 200 0
65477 50 52 50 2 100 -200
65479 50 51 50 2 0 -200
65478 51 50 50 2 0 -100
6r5478 50 49 50 2 -100 0
65479 50 49 50 2 0 100
65478 50 49 50 2 0 100
65478 50 49 50 2 0 100
365478 51 46 50 2 0 100
65479 50 50 50 2 -100 400
65477 51 52 50 2 0 0
65479 51 53 50 2 -100 -200
065478 50 52 50 2 -100 -300
65478 50 50 50 2 0 -200
65478 49 49 50 2 0 0
65478 49 45 50 2 100 100
65479 49 48 50 2 100 500
+65479 49 46 50 2 100 200
65477 50 50 50 2 100 400
65478 51 52 30 2 0 0
65481 51 6 30 2 -2100 -2200
65478 51 54 30 2 -2100 2400
65480 51 5 30 2 -2100 -2400
65481 50 7 30 2 -2100 2500
65477 50 55 30 2 -2000 2300
65475 104 58 30 2 -2000 -2500
65476 92 59 30 2 -7400 -2800
65475 88 61 30 2 -6200 -2900
65474 86 85 30 2 -5800 -3100
65475 84 59 30 2 -5600 -5500
65476 81 53 30 2 -5400 -2900
65475 95 58 30 2 -5100 -2300
65473 90 95 30 2 -6500 -2800
65475 87 90 30 2 -6000 -6500
65473 82 86 30 2 -5700 -6000
65477 80 41 30 2 -5200 -5600
65477 79 39 30 2 -5000 -1100
65473 119 77 30 2 -4900 -900
65473 71 92 30 2 -8900 -4700
65475 67 93 30 2 -4100 -6200
65471 113 104 30 2 -3700 -6300
65479 60 39 30 2 -8300 -7400
65475 64 87 30 2 -3000 -900
65475 53 94 30 2 -3400 -5700
65476 52 92 30 2 -2300 -6400
65480 49 4 30 2 -2200 -6200
65484 5 2 30 2 -1900 2600
65483 2 3 30 2 2500 2800
65484 3 1 30 2 2800 2700
65483 15 4 30 2 2700 2900
65480 48 4 30 2 1500 2600
65476 51 93 30 2 -1800 2600
65478 4 85 30 2 -2100 -6300
65484 4 5 30 2 2600 -5500
65477 110 5 30 2 2600 2500
65478 8 101 30 2 -8000 2500
65483 6 6 30 2 2200 -7100
65469 164 104 30 2 2400 2400
65482 5 6 30 2 -13400 -7400
65467 0 105 30 2 2500 2400
65483 6 3 30 2 3000 -7500
65470 138 105 30 2 2400 2700
65480 62 4 30 2 -10800 -7500
65474 169 4 30 2 -3200 2600
65479 72 4 30 2 -13900 2600
65477 118 6 30 2 -4200 2600
65477 7 97 30 2 -8800 2400
65479 6 98 30 2 2300 -6700
65476 120 7 30 2 2400 -6800
65472 0 4 30 2 -9000 2300
65477 118 9 30 2 3000 2600
65477 7 110 30 2 -8800 2100
65479 72 8 30 2 2300 -8000
65462 174 0 30 2 -4200 2200
65471 174 67 30 2 -14400 3000
65465 0 110 30 2 -14400 -3700
65480 73 8 30 2 3000 -8000
65478 72 8 30 2 -4300 2200
65474 73 108 30 2 -4200 2200
65473 172 5 30 2 -4300 -7800
65473 83 111 30 2 -14200 2500
65476 119 3 30 2 -5300 -8100
65477 119 5 30 2 -8900 2700
65479 86 4 30 2 -8900 2500
65477 118 4 30 2 -5600 2600
65474 65 114 30 2 -8800 2600
65476 118 4 30 2 -3500 -8400
65477 120 4 30 2 -8800 2600
65480 60 6 30 2 -9000 2600
65468 60 0 30 2 -3000 2400
65470 65 0 30 2 -3000 3000
65468 56 0 30 2 -3500 3000
65472 26 0 30 2 -2600 3000
65470 26 0 30 2 400 3000
65470 29 0 30 2 400 3000
65483 32 4 30 2 100 3000
65482 33 4 30 2 -200 2600
65481 34 5 30 2 -300 2600
65481 37 6 30 2 -400 2500
65482 39 5 30 2 -700 2400
65470 40 0 30 2 -900 2500
65481 41 5 30 2 -1000 3000
65481 43 5 30 2 -1100 2500
65481 44 5 30 2 -1300 2500
65481 45 7 30 2 -1400 2500
65481 46 5 30 2 -1500 2300
65481 48 5 30 2 -1600 2500
65479 51 6 30 2 -1800 2500
65470 52 0 30 2 -2100 2400
65469 52 0 30 2 -2200 3000
65470 52 0 30 2 -2200 3000
65469 52 0 30 2 -2200 3000
65470 53 0 30 2 -2200 3000
65469 53 0 30 2 -2300 3000
65470 53 0 30 2 -2300 3000
65480 54 4 30 2 -2300 3000
65480 55 6 30 2 -2400 2600
65469 56 0 30 2 -2500 2400
65470 58 0 30 2 -2600 3000
65468 61 0 30 2 -2800 3000
65469 63 0 30 2 -3100 3000
65479 66 4 30 2 -3300 3000
65470 68 0 30 2 -3600 2600
65478 70 4 30 2 -3800 3000
65480 72 4 30 2 -4000 2600
65480 73 4 30 2 -4200 2600
65479 74 3 30 2 -4300 2600
65479 75 3 30 2 -4400 2700
65480 75 5 30 2 -4500 2700
65478 76 4 30 2 -4500 2500
65469 76 0 30 2 -4600 2600
65479 76 4 30 2 -4600 3000
65479 76 4 30 2 -4600 2600
65472 76 134 30 2 -4600 2600
65476 8 117 30 2 -4600 -10400
65480 75 3 30 2 2200 -8700
65479 75 4 30 2 -4500 2700
65479 75 3 30 2 -4500 2600
65473 75 129 30 2 -4500 2700
65478 75 6 30 2 -4500 -9900
65473 75 130 30 2 -4500 2400
65479 75 5 30 2 -4500 -10000
65479 75 4 30 2 -4500 2500
65475 75 78 30 2 -4500 2600
65480 75 5 30 2 -4500 -4800
65478 75 6 30 2 -4500 2500
65480 74 5 30 2 -4500 2400
65479 73 4 30 2 -4400 2500
65479 72 4 30 2 -4300 2600
65480 71 4 30 2 -4200 2600
65480 69 6 30 2 -4100 2600
65479 68 6 30 2 -3900 2400
65480 67 5 30 2 -3800 2400
65480 65 4 30 2 -3700 2500
65479 65 6 30 2 -3500 2600
65478 7 106 30 2 -3500 2400
65480 64 8 30 2 2300 -7600
65478 7 69 30 2 -3400 2200
65481 63 5 30 2 2300 -3900
65480 64 4 30 2 -3300 2500
65479 65 5 30 2 -3400 2600
65480 65 9 30 2 -3500 2500
65480 64 7 30 2 -3500 2100
65479 65 5 30 2 -3400 2300
65474 65 121 30 2 -3500 2500
65479 66 8 30 2 -3500 -9100
65479 66 11 30 2 -3600 2200
65480 66 5 30 2 -3600 1900
65475 65 105 30 2 -3600 2500
65479 66 5 30 2 -3500 -7500
65480 65 5 30 2 -3600 2500
65480 65 5 30 2 -3500 2500
65479 66 7 30 2 -3500 2500
65473 66 122 30 2 -3600 2300
65479 66 11 30 2 -3600 -9200
65480 65 5 30 2 -3600 1900
65480 66 5 30 2 -3500 2500
65473 66 122 30 2 -3600 2500
65476 128 9 30 2 -3600 -9200
65480 66 12 30 2 -9800 2100
65476 119 6 30 2 -3600 1800
65483 6 11 30 2 -8900 2400
65470 119 111 30 2 2400 1900
65471 121 107 30 2 -8900 -8100
65483 7 5 30 2 -9100 -7700
65483 6 6 30 2 2300 2500
65471 117 110 30 2 2400 2400
65476 117 6 30 2 -8700 -8000
65471 119 109 30 2 -8700 2400
65477 120 10 30 2 -8900 -7900
65476 119 5 30 2 -9000 2000
65477 119 6 30 2 -8900 2500
65476 119 4 30 2 -8900 2400
65467 180 123 30 2 -8900 2600
65484 4 6 30 2 -15000 -9300
65477 87 6 30 2 2600 2400
65484 3 11 30 2 -5700 2400
65483 4 4 30 2 2700 1900
65483 5 5 30 2 2600 2600
65480 62 8 30 2 2500 2500
65477 63 63 30 2 -3200 2200
65479 63 3 30 2 -3300 -3300
65480 63 3 30 2 -3300 2700
65481 62 5 30 2 -3300 2700
65483 6 11 30 2 -3200 2500
65480 17 36 30 2 2400 1900
65477 60 63 30 2 1300 -600
65478 60 52 30 2 -3000 -3300
65476 58 62 30 2 -3000 -2200
65478 57 54 30 2 -2800 -3200
65477 55 52 30 2 -2700 -2400
65478 52 53 30 2 -2500 -2200
65478 50 52 30 2 -2200 -2300
65478 47 49 30 2 -2000 -2200
65478 44 46 30 2 -1700 -1900
65480 41 44 30 2 -1400 -1600
65478 38 40 30 2 -1100 -1400
65480 35 37 30 2 -800 -1000
65481 31 34 30 2 -500 -700
65479 28 31 30 2 -100 -400
65481 26 28 30 2 200 -100
65482 23 25 30 2 400 200
65483 22 1149 30 2 700 500
65481 22 5 30 2 800 19172
65483 23 4 30 2 800 2500
65482 24 5 30 2 700 2600
65480 25 27 30 2 600 2500
65481 28 30 30 2 500 300
65481 30 31 30 2 200 0
65480 32 34 30 2 0 -100
65479 34 35 30 2 -200 -400
65481 34 35 30 2 -400 -500
65480 34 33 30 2 -400 -500
65479 32 31 30 2 -400 -300
65481 31 29 30 2 -200 -100
65481 29 28 30 2 -100 100
65480 27 27 30 2 100 200
65481 27 27 30 2 300 300
65481 27 28 30 2 300 300
65480 28 29 30 2 300 200
65481 30 31 30 2 200 100
65480 31 32 30 2 0 -100
65481 33 32 30 2 -100 -200
65479 33 32 30 2 -300 -200
65481 32 31 30 2 -300 -200
65480 31 30 30 2 -200 -100
65480 30 29 30 2 -100 0
65481 28 28 30 2 0 100
65481 28 28 30 2 200 200
65480 28 26 30 2 200 200
65481 28 30 30 2 200 400
65481 29 31 30 2 200 0
65480 31 32 30 2 100 -100
65480 32 32 30 2 -100 -200
65480 32 31 30 2 -200 -200
65481 32 31 30 2 -200 -100
65480 31 29 30 2 -200 -100
65480 30 28 30 2 -100 100
65481 29 28 30 2 0 200
65480 28 28 30 2 100 200
65481 28 29 30 2 200 200
65481 29 30 30 2 200 100
65481 31 31 30 2 100 0
65479 31 32 30 2 -100 -100
65481 31 32 30c 2 -100 -200
65480 31 31 30 2 -100 -200
65480 30 30 30 2 -100 -100
65481 30 29 30 2 0 0
65481 30 28 30 2 0 100
65480 29 29 30 2 0 200
65480 30 30 30 2 100 100
65481 30 28 30 2 0 0
265480 31 29 30 2 0 200
65481 31 31 30 2 -100 100
65481 31 31 30 2 -100 -100
65480 30 31 30 2 -100 -100
65480 30 31 30 2 0 -100
65481 30 30 30 2 0 -100
65480 30 30 30 2 0 0
6+5480 29 30 30 2 0 0
65481 30 30 30 2 100 0
65481 30 30 30 2 0 0
65480 30 30 30 2 0 0
65481 30 30 30 2 0 0
65481 30 30 30 2 0 0
65480 30 30 30 2 0 0
65480 30 30 30 2 0 0
65481 30 30 30 2 0 0
65481 30 30 30 2 0 0
65480 30 30 30 2 0 0
65481 30 30 30 2 0 0
65481 30 29 30 2 0 0
65481 30 30 30 2 0 100
65480 30 30 30 2 0 -47
65481 30 30 30 2 0 3
65480 30 30 30 2 0 3
65480 30 30 30 2 0 3
65481 30 30 30 2 0 3
65481 30 30 30 2 0 3
65480 29 30 30 2 0 3
65481 30 31 30 2 100 3
65481 30 30 30 2 -47 -97
65481 30 29 30 2 3 50
65480 30 30 30 2 3 100
65480 30 30 30 2 3 -47
65481 30 30 30 2 3 3
65480 30 30 30 2 3 3
65481 30 30 30 2 3 3
65481 30 30 30 2 3 3
65480 30 30 30 2 3 3
65481 30 30 30 2 3 3
65480 30 30 30 2 3 3
65481 30 30 30 2 3 3
65480 30 30 30 2 3 3
65481 30 30 30 2 3 3
65481 30 30 30 2 3 3
65480 30 30 30 2 3 3
65481 30 30 30 2 3 3
65481 30 30 30 2 3 3
65480 30 30 30 2 3 3
r65480 30 30 30 2 3 3
65481 30 30 30 2 3 3
65481 30 30 30 2 3 3
65480 30 30 30 2 3 3
65481 30 30 30 2 3 3
65481 30 30 30 2 3 3
65480 30 30 30 2 3 3
565481 30 30 30 2 3 3
65481 30 30 30 2 3 3
065479 30 30 30 2 3 3
65481 30 30 30 2 3 3
65481 30 30 30 2 3 3
65481 30 30 30 2 3 3
65480 30 30 30 2 3 3
65481 30 30 30 2 3 3
65481 30 30 30 2 3 3
65480 30 30 30 2 3 3
+65481 30 30 30 2 3 3
65480 30 30 50 2 3 3
65481 30 5 50 2 255 255
65481 31 31 50 2 255 255
65482 32 6 50 2 255 -255
65480 34 33 50 2 255 255
65480 36 34 50 2 255 -255
65480 39 35 50 2 255 255
65479 42 37 50 2 255 255
65478 45 40 50 2 253 255
65478 48 70 50 2 127 255
65477 52 71 50 2 -10 -255
65475 70 72 50 2 -252 -255
65477 70 71 50 2 -255 -255
65475 71 69 50 2 -255 -255
65476 69 66 50 2 -255 -255
65476 67 64 50 2 -255 -255
65477 65 62 50 2 -255 -255
65477 63 58 50 2 -255 -255
65477 60 56 50 2 -255 -197
65478 57 52 50 2 -255 -221
65478 53 49 50 2 -158 61
65478 50 47 50 2 71 155
65479 49 45 50 2 162 208
65479 48 46 50 2 112 255
65478 48 46 50 2 165 117
65478 48 48 50 2 121 179
65479 49 48 50 2 127 -10
65477 50 49 50 2 33 97
65479 50 50 50 2 -14 3
65477 51 52 50 2 36 -44
65479 51 51 50 2 -64 -194
65478 51 50 50 2 -17 0
65478 52 51 50 2 -20 47
65479 51 38 50 2 -123 -103
65478 51 50 50 2 21 255
65478 51 51 50 2 -32 -255
65478 51 50 50 2 -35 -106
65479 51 50 50 2 -38 41
65477 51 50 50 2 -41 -10
65479 51 50 50 2 -44 -10
65478 51 50 50 2 -47 -10
65478 51 49 50 2 -50 -10
65478 51 50 50 2 -53 91
65478 52 50 50 2 -56 -56
65478 51 49 50 2 -159 -10
65479 51 50 50 2 -15 94
65477 50 50 50 2 -68 -53
65480 50 36 50 2 29 -3
65478 50 50 50 2 -21 255
65478 50 36 50 2 -21 -255
65480 50 36 50 2 -21 255
65479 50 36 50 2 -21 255
65478 50 35 50 2 -21 255
65480 50 33 50 2 -21 255
65480 39 33 50 2 -21 255
65479 38 34 50 2 255 255
65480 38 35 50 2 255 255
65480 39 37 50 2 255 255
65478 41 40 50 2 255 255
65480 43 42 50 2 255 255
65479 45 45 50 2 229 255
65477 48 47 50 2 150 97
65479 50 50 50 2 -35 62
65478 53 51 50 2 -79 -129
65477 53 53 50 2 -255 -79
65479 54 52 50 2 -129 -232
65478 52 52 50 2 -238 -41
65477 52 51 50 2 0 -97
65479 51 50 50 2 -106 -3
65478 50 50 50 2 -12 44
65478 50 50 50 2 35 -10
65479 49 49 50 2 -15 -10
65477 49 50 50 2 85 94
65479 49 49 50 2 38 -53
65479 49 50 50 2 41 97
65477 49 49 50 2 44 -50
65479 49 50 50 2 47 100
65478 49 50 50 2 50 -47
65478 49 50 50 2 53 3
65479 49 50 50 2 56 3
65478 49 50 50 2 59 3
65478 49 50 50 2 62 3
65479 49 50 50 2 65 3
65478 49 50 50 2 68 3
65478 49 50 50 2 71 3
6r5479 49 50 50 2 74 3
65478 49 50 50 2 77 3
65478 49 50 50 2 80 3
65479 49 50 50 2 83 3
365477 49 50 50 2 86 3
65479 49 49 50 2 89 3
65479 49 50 50 2 92 103
65477 50 50 50 2 95 -44
065479 50 50 50 2 -2 10
65479 50 50 50 2 48 10
65477 50 50 50 2 48 10
65479 50 49 50 2 48 10
65478 50 50 50 2 48 106
65478 50 50 50 2 48 -41
6+5478 51 50 50 2 48 10
65479 50 50 30 2 -52 10
65477 50 50 30 2 -255 -255
65479 49 48 30 2 -255 -255
65479 47 44 30 2 -255 -255
65478 45 42 30 2 -255 -255
65479 43 43 30 2 -255 -255
65480 40 40 30 2 -255 -255
65479 38 38 30 2 -255 -255
65480 34 35 30 2 -255 -255
65480 31 32 30 2 21 -91
65480 29 29 30 2 109 44
65481 28 27 30 2 156 188
65481 27 27 30 2 159 241
65480 27 27 30 2 215 150
65481 28 28 30 2 174 159
65481 29 29 30 2 83 68
65480 29 30 30 2 39 24
65481 30 31 30 2 92 -23
65480 31 31 30 2 -5 -73
65481 31 32 30 2 -55 -26
65480 31 31 30 2 -10 -129
65480 31 31 30 2 -11 15
65481 31 31 30 2 -14 -38
65480 31 31 30 2 -17 -41
65480 31 31 30 2 -20 -44
65481 31 31 30 2 -23 -47
65480 31 31 30 2 -26 -50
65480 31 31 30 2 -29 -53
65481 31 31 30 2 -32 -56
65481 31 31 30 2 -35 -59
65479 31 31 30 2 -38 -62
65481 31 31 30 2 -41 -65
65481 31 31 30 2 -44 -68
65479 31 31 30 2 -47 -71
65481 31 30 30 2 -50 -74
65481 31 30 30 2 -53 23
65479 31 32 30 2 -56 -27
65481 31 30 30 2 -59 -227
65481 31 31 30 2 -62 67
65479 31 30 30 2 -65 -133
65481 31 29 30 2 -68 14
65481 31 29 30 2 -71 64
65480 31 30 30 2 -74 17
65480 30 29 30 2 -77 -80
65481 30 29 30 2 20 70
65481 30 29 30 2 -30 23
65480 30 29 30 2 -30 26
65481 30 29 30 2 -30 29
65480 30 29 30 2 -30 32
65480 30 29 30 2 -30 35
65481 30 29 30 2 -30 38
65481 30 29 30 2 -30 41
65481 30 29 30 2 -30 44
65480 30 29 30 2 -30 47
65480 30 29 30 2 -30 50
65481 30 29 30 2 -30 53
65480 30 29 30 2 -30 56
65481 30 29 30 2 -30 59
65481 30 30 30 2 -30 62
65479 30 29 30 2 -30 -35
65481 30 29 30 2 -30 115
65481 30 29 30 2 -30 68
65481 30 30 30 2 -30 71
65480 30 30 30 2 -30 -26
65480 30 30 30 2 -30 24
65481 30 30 30 2 -30 24
65480 30 30 30 2 -30 24
65481 30 30 30 2 -30 24
65480 30 30 30 2 -30 24
65480 30 30 30 2 -30 24
65481 30 30 30 2 -30 24
65481 30 30 30 2 -30 24
65480 30 30 30 2 -30 24
65480 30 30 30 2 -30 24
65481 30 30 30 2 -30 24
65481 30 30 30 2 -30 24
65479 30 30 30 2 -30 24
65481 30 30 30 2 -30 24
65481 30 30 30 2 -30 24
65480 30 30 30 2 -30 24
65481 30 30 30 2 -30 24
65480 30 30 30 2 -30 24
65481 30 30 30 2 -30 24
65480 30 30 30 2 -30 24
65481 30 30 30 2 -30 24
65480 30 30 30 2 -30 24
65480 30 30 30 2 -30 24
65481 30 30 30 2 -30 24
65481 30 30 30 2 -30 24
65479 30 30 30 2 -30 24
m65481 30 31 30 2 -30 24
605481 30 30 30 2 -30 -76
65481 30 30 30 2 -30 71
65480 30 30 30 2 -30 21
65480 30 30 30 2 -30 21
65481 30 30 30 2 -30 21
65480 30 30 30 2 -30 21
65481 30 30 30 2 -30 21
65480 30 30 30 2 -30 21
65480 30 30 30 2 -30 21
65481 30 30 30 2 -30 21
+65481 30 30 30 2 -30 21
65479 30 30 30 2 -30 21
65481 30 30 30 0 -30 21
65481 30 30 30 0 0 0
65481 30 30 30 0 0 0
65480 30 30 30 0 0 0
65481 30 30 30 0 0 0
65480 30 30 30 0 0 0
65480 30 30 30 0 0 0
65481 30 30 30 0 0 0
65481 30 30 30 0 0 0
65481 30 30 30 0 0 0
65480 30 30 30 0 0 0
65481 30 30 30 0 0 0
65481 30 30 30 0 0 0
65479 30 30 30 0 0 0
65481 30 30 30 0 0 0
65481 30 30 30 0 0 0
65480 30 30 30 0 0 0
65481 30 30 30 0 0 0
65481 30 30 30 0 0 0
65481 30 30 30 0 0 0
65480 30 30 30 0 0 0
65481 30 30 30 0 0 0
65480 30 30 30 0 0 0
65480 30 31 30 0 0 0
65481 30 31 30 0 0 0
65481 30 30 30 0 0 0
65480 30 30 30 0 0 0
65481 30 30 30 0 0 0
65481 30 30 30 0 0 0
65480 30 31 30 0 0 0
65480 30 30 30 0 0 0
65481 30 30 30 0 0 0
65481 30 30 30 0 0 0
65480 30 30 30 0 0 0
65481 30 30 30 0 0 0
65481 30 30 30 0 0 0
65480 30 30 30 0 0 0
65480 30 30 30 0 0 0
65481 30 30 30 0 0 0
65481 30 30 30 0 0 0
65480 30 30 30 0 0 0
65481 30 30 30 0 0 0
65481 30 30 30 0 0 0
65480 30 30 30 0 0 0
65481 30 30 30 0 0 0
65480 30 30 30 0 0 0
65480 30 30 30 0 0 0
65481 30 30 30 0 0 0
65481 30 30 30 0 0 0
65481 30 30 30 0 0 0
65480 30 30 30 0 0 0
65481 30 30 30 0 0 0
65481 30 30 30 0 0 0
65479 30 30 30 0 0 0
65481 30 31 30 0 0 0
65481 30 30 30 0 0 0
65480 30 30 30 0 0 0
65481 30 30 30 0 0 0
65481 30 30 30 0 0 0
65481 30 30 30 0 0 0
65479 30 31 30 0 0 0
65481 30 30 30 0 0 0
65481 30 30 30 0 0 0
65480 30 30 30 0 0 0
65481 30 30 30 0 0 0
65481 30 30 30 0 0 0
65480 30 30 30 0 0 0
65481 30 30 30 0 0 0
65480 30 30 30 0 0 0
65481 30 30 30 0 0 0
65480 30 30 30 0 0 0
65481 30 30 30 0 0 0
65481 30 30 30 0 0 0
65480 30 30 30 0 0 0
65481 30 30 30 0 0 0
65481 30 30 30 0 0 0
65479 30 30 30 0 0 0
65481 30 31 30 0 0 0
65481 30 30 30 0 0 0
65481 30 30 30 0 0 0
65480 30 30 30 0 0 0
65481 30 30 30 0 0 0
65481 30 30 30 0 0 0
65479 30 30 30 0 0 0
65481 30 30 30 0 0 0
65481 30 30 30 0 0 0
65480 30 31 30 0 0 0
65481 30 31 30 0 0 0
65481 30 30 30 0 0 0
65481 30 30 30 0 0 0
65479 30 30 30 0 0 0
65481 30 30 30 0 0 0
65481 30 30 30 0 0 0
65480 30 30 30 0 0 0
65481 30 31 30 0 0 0
65481 30 31 30 0 0 0
65480 30 30 30 0 0 0
65481 30 30 30 0 0 0
65480 30 31 30 0 0 0
65481 30 31 30 0 0 0
65480 30 31 30 0 0 0
65481 30 30 30 0 0 0
65481 30 30 30 0 0 0
65480 30 31 30 0 0 0
65481 30 30 30 0 0 0
65480 30 30 30 0 0 0
65480 30 30 30 0 0 0
65481 30 30 30 0 0 0
65481 30 30 30 0 0 0
65481 30 30 30 0 0 0
65480 30 30 30 0 0 0
65481 30 30 30 0 0 0
65480 30 30 30 0 0 0
65480 30 30 30 0 0 0
65481 30 30 30 0 0 0
65481 30 30 30 0 0 0
65481 30 30 30 0 0 0
65480 30 30 30 0 0 0
65481 30 30 30 0 0 0
65481 30 30 30 0 0 0
65479 30 30 30 0 0 0
65481 30 30 30 0 0 0
65481 30 30 30 0 0 0
65480 30 30 30 0 0 0
65481 30 30 30 0 0 0
65481 30 30 30 0 0 0
65481 30 30 30 0 0 0
65480 30 30 30 0 0 0
65480 30 30 30 0 0 0
65481 30 30 30 0 0 0
65480 30 30 30 0 0 0
65481 30 30 30 0 0 0
65481 30 30 30 0 0 0
65480 30 30 30 0 0 0
65481 30 30 30 0 0 0
65480 30 30 30 0 0 0
65481 30 30 30 0 0 0
65480 30 30 30 0 0 0
65481 30 30 30 0 0 0
65481 30 30 30 0 0 0
65480 30 30 30 0 0 0
65481 30 30 30 0 0 0
65481 30 30 30 0 0 0
65479 30 30 30 0 0 0
65481 30 30 30 0 0 0
65481 30 30 30 0 0 0
65481 30 30 30 0 0 0
65480 30 30 30 0 0 0
65481 30 30 30 0 0 0
65481 30 30 30 0 0 0
65480 30 30 30 0 0 0
65480 30 30 30 0 0 0
65481 30 30 30 0 0 0
65480 30 30 30 0 0 0
65481 30 30 30 0 0 0
65481 30 30 30 0 0 0
65481 30 30 30 0 0 0
65480 30 30 30 0 0 0
65480 30 30 30 0 0 0
65481 30 30 30 0 0 0
65480 30 30 30 0 0 0
65481 30 30 30 0 0 0
65481 30 30 30 0 0 0
65480 30 30 30 0 0 0
65481 30 30 30 0 0 0
65481 30 30 30 0 0 0
65480 30 30 30 0 0 0
65480 30 30 30 0 0 0
65481 30 30 30 0 0 0
65481 30 30 30 0 0 0
65480 30 30 30 0 0 0
65481 30 30 30 0 0 0
65481 30 30 30 0 0 0
65479 30 30 30 0 0 0
65481 30 30 30 0 0 0
65481 30 30 30 0 0 0
65481 30 30 30 0 0 0
65480 30 30 30 0 0 0
65481 30 30 30 0 0 0
65481 30 30 30 0 0 0
65480 30 30 30 0 0 0
65480 30 30 30 0 0 0
65481 30 30 30 0 0 0
65480 30 30 30 0 0 0
65481 30 30 30 0 0 0
65481 30 30 30 0 0 0
65481 30 30 30 0 0 0
65480 30 30 30 0 0 0
65481 30 30 30 0 0 0
65480 30 30 30 0 0 0
65480 30 30 30 0 0 0
65481 30 30 30 0 0 0
65481 30 30 30 0 0 0
65480 30 30 30 0 0 0
65481 30 30 30 0 0 0
65481 30 30 30 0 0 0
65481 30 30 30 0 0 0
65479 30 30 30 0 0 0
65481 30 30 30 0 0 0
65481 30 30 30 0 0 0
65480 30 30 30 0 0 0
65481 30 30 30 0 0 0
65481 30 30 30 0 0 0
65480 30 30 30 0 0 0
65480 30 30 30 0 0 0
65481 30 30 30 0 0 0
65481 30 30 30 0 0 0
65480 30 30 30 0 0 0
65481 30 30 30 0 0 0
65481 30 30 30 0 0 0
65480 30 30 30 0 0 0
65481 30 30 30 0 0 0
65480 30 30 30 0 0 0
65480 30 30 30 0 0 0
65481 30 30 30 0 0 0
65481 30 30 30 0 0 0
65481 30 30 30 0 0 0
65480 30 30 30 0 0 0
65481 30 30 30 0 0 0
65481 30 30 30 0 0 0
65479 30 30 30 0 0 0
65481 30 30 30 0 0 0
65481 30 30 30 0 0 0
65480 30 30 30 0 0 0
65481 30 30 30 0 0 0
65481 30 30 30 0 0 0
65481 30 30 30 0 0 0
65479 30 30 30 0 0 0
65481 30 30 30 0 0 0
65481 30 30 30 0 0 0
65480 30 30 30 0 0 0
65481 30 30 30 0 0 0
65481 30 30 30 0 0 0
65481 30 30 30 0 0 0
65480 30 30 30 0 0 0
65480 30 30 30 0 0 0
65481 30 30 30 0 0 0
65480 30 30 30 0 0 0
65481 30 30 30 0 0 0
65481 30 30 30 0 0 0
65480 30 30 30 0 0 0
65481 30 30 30 0 0 0
65481 30 30 30 0 0 0
65480 30 30 30 0 0 0
65480 30 30 30 0 0 0
65481 30 30 30 0 0 0
65481 30 30 30 0 0 0
65480 30 30 30 0 0 0
65481 30 30 30 0 0 0
65481 30 30 30 0 0 0
65479 30 30 30 0 0 0
65481 30 30 30 0 0 0
65481 30 30 30 0 0 0
65481 30 30 30 0 0 0
65480 30 30 30 0 0 0
65481 30 30 30 0 0 0
65481 30 30 30 0 0 0
65480 30 30 30 0 0 0
65480 30 30 30 0 0 0
65481 30 30 30 0 0 0
65480 30 30 30 0 0 0
65481 30 30 30 0 0 0
65481 30 30 30 0 0 0
65481 30 30 30 0 0 0
65480 30 30 30 0 0 0
65481 30 30 30 0 0 0
65480 30 30 30 0 0 0
65480 30 30 30 0 0 0
65481 30 30 30 0 0 0
65481 30 30 30 0 0 0
65480 30 30 30 0 0 0
65481 30 30 30 0 0 0
65481 30 30 30 0 0 0
65480 30 30 30 0 0 0
65480 30 30 30 0 0 0
65481 30 30 30 0 0 0
65481 30 30 30 0 0 0
65480 30 30 30 0 0 0
65481 30 30 30 0 0 0
65481 30 30 30 0 0 0
65480 30 30 30 0 0 0
65480 30 30 30 0 0 0
65481 30 30 30 0 0 0
65481 30 30 30 0 0 0
65480 30 30 30 0 0 0
65481 30 30 30 0 0 0
65481 30 30 30 0 0 0
65480 30 30 30 0 0 0
65480 30 30 30 0 0 0
65481 30 30 30 0 0 0
65480 31 30 30 0 0 0
65481 30 30 30 0 0 0
65481 30 30 30 0 0 0
65481 30 30 30 0 0 0
65480 30 30 30 0 0 0
65481 30 30 30 0 0 0
65480 30 30 30 0 0 0
65480 30 30 30 0 0 0
65481 30 30 30 0 0 0
65481 30 30 30 0 0 0
65480 30 30 30 0 0 0
65481 30 30 30 0 0 0
65481 30 30 30 0 0 0
65480 30 30 30 0 0 0
65480 30 30 30 0 0 0
65481 30 30 30 0 0 0
65481 30 30 30 0 0 0
65480 30 30 30 0 0 0
65481 30 30 30 0 0 0
65481 30 30 30 0 0 0
65480 30 30 30 0 0 0
65480 30 30 30 0 0 0
65481 30 31 30 0 0 0
65481 30 30 30 0 0 0
65480 30 30 30 0 0 0
65481 30 30 30 0 0 0
65481 30 30 30 0 0 0
65480 30 30 30 0 0 0
65480 30 30 30 0 0 0
65481 30 31 30 0 0 0
65480 30 30 30 0 0 0
65481 30 30 30 0 0 0
65481 30 30 30 0 0 0
65481 30 30 30 0 0 0
65480 30 30 30 0 0 0
65481 30 30 30 0 0 0
65480 30 30 30 0 0 0
65480 30 31 30 0 0 0
65481 30 30 30 0 0 0
65481 30 30 30 0 0 0
65480 30 30 30 0 0 0
65481 30 30 30 0 0 0
65481 30 30 30 0 0 0
65480 30 30 30 0 0 0
65480 30 31 30 0 0 0
65481 30 30 30 0 0 0
65481 30 30 30 0 0 0
65480 30 30 30 0 0 0
65481 30 30 30 0 0 0
65481 30 31 30 0 0 0
65479 30 30 30 0 0 0
65481 30 30 30 0 0 0
65481 30 30 30 0 0 0
65481 30 30 30 0 0 0
65480 30 30 30 0 0 0
65481 30 30 30 0 0 0
65481 30 30 30 0 0 0
65479 30 30 30 0 0 0
65481 30 30 30 0 0 0
65481 30 30 30 0 0 0
65480 30 31 30 0 0 0
65481 30 30 30 0 0 0
65481 30 30 30 0 0 0
65481 30 31 30 0 0 0
65479 30 30 30 0 0 0
65481 30 30 30 0 0 0
65481 30 30 30 0 0 0
65480 31 30 30 0 0 0
65480 30 30 30 0 0 0
65481 30 30 30 0 0 0
65480 30 31 30 0 0 0
65479 30 30 30 0 0 0
65481 30 30 30 0 0 0
65480 30 30 30 0 0 0
65480 30 30 30 0 0 0
65480 30 30 30 0 0 0
65481 30 30 30 0 0 0
65479 30 30 30 0 0 0
65481 30 30 30 0 0 0
65480 30 30 30 0 0 0
65480 30 30 30 0 0 0
65480 30 30 30 0 0 0
65480 30 30 30 0 0 0
65481 30 30 30 0 0 0
65479 30 30 30 0 0 0
65481 30 30 30 0 0 0
65480 30 30 30 0 0 0
65480 30 30 30 0 0 0
65480 30 30 30 0 0 0
65481 30 30 30 0 0 0
65479 30 30 30 0 0 0
65481 30 30 30 0 0 0
65480 30 30 30 0 0 0
65479 30 30 30 0 0 0
65481 30 30 30 0 0 0
65480 30 30 30 0 0 0
65481 30 30 30 0 0 0
65479 30 30 30 0 0 0
65481 30 31 30 0 0 0
65480 30 30 30 0 0 0
65480 30 30 30 0 0 0
65480 30 30 30 0 0 0
65481 30 30 30 0 0 0

