
65480 30 29 30 1 0 0
65481 30 30 30 1 0 0
65481 30 29 30 1 0 0
65480 30 29 30 1 0 0
65481 30 30 30 1 0 0
65481 30 29 30 1 0 0
65480 30 29 30 1 0 0
65481 30 29 30 1 0 0
65481 30 29 30 1 0 0
65481 30 29 30 1 0 0
65480 30 30 30 1 0 0
65481 30 29 30 1 0 0
65481 30 29 30 1 0 0
65480 30 29 30 1 0 0
65481 30 29 30 1 0 0
65481 30 29 30 1 0 0
65479 30 29 30 1 0 0
65481 30 29 30 1 0 0
65481 30 29 30 1 0 0
65481 30 29 30 1 0 0
65480 30 29 30 1 0 0
65481 30 29 30 1 0 0
65481 30 29 30 1 0 0
65480 30 29 30 1 0 0
65481 30 29 30 1 0 0
65481 30 29 30 1 0 0
65481 30 29 30 1 0 0
65480 30 29 30 1 0 0
65481 30 29 30 1 0 0
65481 30 29 30 1 0 0
65480 30 29 30 1 0 0
65481 30 29 30 1 0 0
65481 30 29 30 1 0 0
65480 30 29 30 1 0 0
65481 30 29 30 1 0 0
65481 30 29 30 1 0 0
65481 30 29 30 1 0 0
65480 30 29 30 1 0 0
65481 30 29 30 1 0 0
65481 30 29 30 1 0 0
65480 30 29 30 1 0 0
65481 30 29 30 1 0 0
65481 30 29 30 1 0 0
65480 30 29 30 1 0 0
65481 30 29 30 1 0 0
65480 30 29 30 1 0 0
65481 30 29 30 1 0 0
65480 30 29 30 1 0 0
65481 30 29 30 1 0 0
65481 30 29 30 1 0 0
65480 30 29 30 1 0 0
65481 30 29 30 1 0 0
65481 30 29 30 1 0 0
65481 30 29 30 1 0 0
65480 30 29 30 1 0 0
65481 30 29 30 1 0 0
65481 30 29 30 1 0 0
65480 30 29 30 1 0 0
65481 30 29 30 1 0 0
65481 30 29 30 1 0 0
65480 30 29 30 1 0 0
65481 30 29 30 1 0 0
65481 30 29 30 1 0 0
65481 30 29 30 1 0 0
65480 30 29 30 1 0 0
65481 30 29 30 1 0 0
65481 30 29 30 1 0 0
65480 30 29 30 1 0 0
65480 30 29 30 1 0 0
65481 30 29 30 1 0 0
65480 30 29 30 1 0 0
65481 30 30 30 1 0 0
65481 30 29 30 1 0 0
65481 30 29 30 1 0 0
65480 30 29 30 1 0 0
65481 30 29 30 1 0 0
65481 30 29 30 1 0 0
65480 30 30 30 1 0 0
65481 30 30 30 1 0 0
65481 30 29 30 1 0 0
65480 30 29 30 1 0 0
65481 30 29 50 1 0 0
65480 30 30 50 1 100 100
65481 30 29 50 1 100 100
65480 31 30 50 1 100 100
65480 31 31 50 1 100 100
65481 32 32 50 1 100 100
65479 33 33 50 1 100 100
65481 34 34 50 1 100 100
65480 35 35 50 1 100 100
65479 37 36 50 1 100 100
65480 38 38 50 1 100 100
65480 39 33 50 1 100 100
65479 40 35 50 1 100 100
65479 41 40 50 1 100 100
65479 42 42 50 1 100 100
65479 44 43 50 1 100 100
65479 44 44 50 1 100 100
65479 46 45 50 1 100 100
65478 47 47 50 1 100 100
65479 48 45 50 1 100 100
65478 49 46 50 1 100 100
65478 51 50 50 1 100 100
65478 52 51 50 1 0 0
65478 53 52 50 1 -100 -100
65478 53 52 50 1 -100 -100
65478 53 51 50 1 -100 -100
65478 52 51 50 1 -100 -100
65478 52 50 50 1 -100 -100
65478 51 50 50 1 0 0
65478 51 50 50 1 0 0
65478 51 49 50 1 0 0
65479 50 49 50 1 0 0
65478 50 50 50 1 0 0
65478 50 49 50 1 0 0
65479 50 50 50 1 0 0
65478 50 49 50 1 0 0
65478 50 49 50 1 0 0
65479 50 50 50 1 0 0
65478 50 50 50 1 0 0
65478 50 50 50 1 0 0
65479 50 50 50 1 0 0
65478 51 50 50 1 0 0
65478 50 50 50 1 0 0
65479 50 50 50 1 0 0
65478 50 49 50 1 0 0
65478 50 50 50 1 0 0
65478 50 50 50 1 0 0
65479 51 50 50 1 0 0
65478 51 50 50 1 0 0
65478 51 50 50 1 0 0
65478 50 50 50 1 0 0
65479 50 50 50 1 0 0
65478 50 50 50 1 0 0
65478 50 50 50 1 0 0
65479 50 49 50 1 0 0
65478 50 49 50 1 0 0
65478 50 49 50 1 0 0
65479 50 49 50 1 0 0
65478 50 50 50 1 0 0
65478 50 49 50 1 0 0
65479 51 50 50 1 0 0
65478 50 49 50 1 0 0
65478 50 49 50 1 0 0
65479 51 50 50 1 0 0
65478 50 50 50 1 0 0
65478 50 50 50 1 0 0
65478 50 50 50 1 0 0
65479 50 50 50 1 0 0
65478 50 50 50 1 0 0
65478 51 50 50 1 0 0
65479 50 50 50 1 0 0
65478 50 50 50 1 0 0
65478 50 50 50 1 0 0
65479 50 50 50 1 0 0
65478 50 50 50 1 0 0
65478 50 50 50 1 0 0
65479 50 50 50 1 0 0
65478 50 49 50 1 0 0
65478 50 49 50 1 0 0
65479 50 50 50 1 0 0
65478 51 50 50 1 0 0
65478 50 49 50 1 0 0
65479 50 50 50 1 0 0
65477 50 50 50 1 0 0
65479 50 50 50 1 0 0
65479 50 50 50 1 0 0
65477 50 49 50 1 0 0
65479 50 50 50 1 0 0
65479 50 50 50 1 0 0
65477 51 50 50 1 0 0
65479 50 50 50 1 0 0
65479 50 50 50 1 0 0
65477 50 49 50 1 0 0
65479 50 50 50 1 0 0
65479 50 50 50 1 0 0
65477 50 50 50 1 0 0
65479 50 50 50 1 0 0
65479 50 50 50 1 0 0
65477 50 50 50 1 0 0
65479 50 50 50 1 0 0
65478 50 50 50 1 0 0
65478 50 50 50 1 0 0
65479 50 50 50 1 0 0
65477 50 50 30 1 0 0
65479 50 46 30 1 -100 -100
65479 50 49 30 1 -100 -100
65477 49 48 30 1 -100 -100
65479 49 48 30 1 -100 -100
65479 48 47 30 1 -100 -100
65478 47 47 30 1 -100 -100
65479 46 45 30 1 -100 -100
65479 45 44 30 1 -100 -100
65478 43 43 30 1 -100 -100
65479 42 42 30 1 -100 -100
65480 41 41 30 1 -100 -100
65479 40 35 30 1 -100 -100
65480 39 33 30 1 -100 -100
65480 37 33 30 1 -100 -100
65479 36 35 30 1 -100 -100
65480 35 34 30 1 -100 -100
65480 34 33 30 1 -100 -100
65480 33 31 30 1 -100 -100
65480 31 30 30 1 -100 -100
65481 30 29 30 1 0 0
65480 30 29 30 1 0 0
65481 29 29 30 1 0 0
65481 29 28 30 1 100 100
65481 29 28 30 1 100 100
65480 30 29 30 1 100 100
65481 30 29 30 1 0 0
65481 30 29 30 1 0 0
65479 31 29 30 1 0 0
65481 30 30 30 1 0 0
65481 30 29 30 1 0 0
65481 30 29 30 1 0 0
65480 30 30 30 1 0 0
65481 30 29 30 1 0 0
65481 30 30 30 1 0 0
65480 30 30 30 1 0 0
65481 30 29 30 1 0 0
65481 31 29 30 1 0 0
65480 30 29 30 1 0 0
65481 30 29 30 1 0 0
65480 30 29 30 1 0 0
65481 31 29 30 1 0 0
65480 31 29 30 1 0 0
65481 30 29 30 1 0 0
65481 30 29 30 1 0 0
65480 30 29 30 1 0 0
65481 30 29 30 1 0 0
65481 30 29 30 1 0 0
65480 30 29 30 1 0 0
65481 31 29 30 1 0 0
65481 30 29 30 1 0 0
65481 30 29 30 1 0 0
65479 30 29 30 1 0 0
65481 30 29 30 1 0 0
65481 30 29 30 1 0 0
65480 30 29 30 1 0 0
65481 30 29 30 1 0 0
65481 30 29 30 1 0 0
65480 30 29 30 1 0 0
65481 31 29 30 1 0 0
65481 30 29 30 1 0 0
65481 30 29 30 1 0 0
65480 30 29 30 1 0 0
65481 30 29 30 1 0 0
65481 30 29 30 1 0 0
65479 30 29 30 1 0 0
65481 31 29 30 1 0 0
65481 30 29 30 1 0 0
65480 30 29 30 1 0 0
65481 31 29 30 1 0 0
65481 30 29 30 1 0 0
65481 31 30 30 1 0 0
65480 30 29 30 1 0 0
65481 30 30 30 1 0 0
65481 30 29 30 1 0 0
65480 30 29 30 1 0 0
65480 30 29 30 1 0 0
65481 30 29 30 1 0 0
65481 30 29 30 1 0 0
65480 31 29 30 1 0 0
65481 30 30 30 1 0 0
65481 31 29 30 1 0 0
65480 30 29 30 1 0 0
65481 30 29 30 1 0 0
65481 30 29 30 1 0 0
65480 30 29 30 1 0 0
65481 30 29 30 1 0 0
65480 30 29 30 1 0 0
65481 30 29 30 1 0 0
65480 30 29 30 1 0 0
65481 30 29 30 1 0 0
65481 30 29 30 1 0 0
65480 31 29 30 1 0 0
65481 30 29 30 1 0 0
65481 30 29 30 1 0 0
65480 30 29 30 1 0 0
65481 30 30 30 1 0 0
65481 30 29 30 1 0 0
65480 31 30 30 1 0 0
65480 30 30 30 1 0 0
65481 31 29 30 1 0 0
65481 30 29 30 1 -100 -100
65480 30 29 30 1 0 0
65481 30 29 30 1 0 0
65481 30 29 30 1 0 0
65480 30 29 30 1 0 0
65480 30 29 30 1 0 0
65481 30 30 30 1 0 0
65481 30 30 30 1 0 0
65480 30 30 30 1 0 0
65481 30 29 30 1 0 0
65481 30 29 30 1 0 0
65480 30 30 30 1 0 0
65481 30 30 30 1 0 0
65481 30 29 30 1 0 0
65480 30 29 30 1 0 0
65481 30 29 30 1 0 0
65480 30 29 30 1 0 0
65481 30 29 30 1 0 0
65480 30 30 30 1 0 0
65481 30 29 30 1 0 0
65481 30 29 30 1 0 0
65480 30 29 30 1 0 0
65481 30 29 30 1 0 0
65481 30 29 30 1 0 0
65480 30 29 30 1 0 0
65481 30 29 30 1 0 0
65481 30 29 30 1 0 0
65481 30 29 30 1 0 0
65480 30 30 30 1 0 0
65480 30 30 30 1 0 0
65481 30 29 30 1 0 0
65480 30 30 30 1 0 0
65481 30 29 30 1 0 0
65481 30 30 30 1 0 0
65481 30 29 30 1 0 0
65480 30 29 30 1 0 0
65481 30 29 30 1 0 0
65481 30 29 30 1 0 0
65480 30 29 30 1 0 0
65481 30 30 30 1 0 0
65481 30 29 30 1 0 0
65479 30 30 30 1 0 0