65476 74 72 30 0 0 0                                                            
65476 74 72 30 0 0 0                                                            
65475 73 73 30 0 0 0                                                            
65476 73 72 30 0 0 0                                                            
65475 73 72 30 0 0 0                                                            
65477 73 72 30 0 0 0                                                            
65475 74 73 30 0 0 0                                                            
65476 74 72 30 0 0 0                                                            
65476 74 72 30 0 0 0                                                            
65475 73 72 30 0 0 0                                                            
65476 73 72 30 0 0 0                                                            
65475 73 73 30 0 0 0                                                            
65477 74 72 30 0 0 0                                                            
65476 73 72 30 0 0 0                                                            
65475 73 72 30 0 0 0                                                            
65476 73 72 30 0 0 0                                                            
65475 73 72 30 0 0 0                                                            
65476 73 72 30 0 0 0                                                            
65476 73 73 30 0 0 0                                                            
65476 74 73 30 0 0 0                                                            
65476 73 72 30 0 0 0                                                            
65475 73 72 30 0 0 0                                                            
65476 74 73 30 0 0 0                                                            
65475 74 72 30 0 0 0                                                            
65476 73 72 30 0 0 0                                                            
65476 73 72 30 0 0 0                                                            
65476 73 73 30 0 0 0                                                            
65476 73 72 30 0 0 0                                                            
65475 73 72 30 0 0 0                                                            
65476 74 72 30 0 0 0                                                            
65476 73 72 30 0 0 0                                                            
65475 73 72 30 0 0 0                                                            
65477 74 72 30 0 0 0                                                            
65475 73 72 30 0 0 0                                                            
65476 74 72 30 0 0 0                                                            
65476 74 72 30 0 0 0                                                            
65475 73 73 30 0 0 0                                                            
65476 73 72 30 0 0 0                                                            
65475 73 72 30 0 0 0                                                            
65477 73 72 30 0 0 0                                                            
65475 73 72 30 0 0 0                                                            
65476 74 72 30 0 0 0                                                            
65476 73 72 30 0 0 0                                                            
65475 73 72 30 0 0 0                                                            
65476 73 72 30 0 0 0                                                            
65476 73 72 30 0 0 0                                                            
65476 74 72 30 0 0 0                                                            
65476 73 72 30 0 0 0                                                            
65475 73 72 30 0 0 0                                                            
65476 73 72 30 0 0 0                                                            
65475 73 72 30 0 0 0                                                            
65476 73 72 30 0 0 0                                                            
65477 73 72 30 0 0 0                                                            
65475 73 72 30 0 0 0                                                            
65476 73 72 30 0 0 0                                                            
65475 73 72 30 0 0 0                                                            
65476 74 72 30 0 0 0                                                            
65475 73 72 30 0 0 0                                                            
65476 74 72 30 0 0 0                                                            
65477 73 72 30 0 0 0                                                            
65475 74 72 30 0 0 0                                                            
65476 74 73 30 0 0 0                                                            
65475 74 72 30 0 0 0                                                            
65476 74 72 30 0 0 0                                                            
65476 74 72 30 0 0 0                                                            
65475 73 72 30 0 0 0                                                            
65477 73 72 30 0 0 0                                                            
65475 73 72 30 0 0 0                                                            
65476 73 72 30 0 0 0                                                            
65475 73 72 30 0 0 0                                                            
65476 74 72 30 0 0 0                                                            
65476 73 72 30 0 0 0                                                            
65476 73 72 30 0 0 0                                                            
65476 73 72 30 0 0 0                                                            
65475 74 72 30 0 0 0                                                            
65476 73 72 30 0 0 0                                                            
65476 74 72 30 0 0 0                                                            
65475 73 70 30 0 0 0                                                            
65477 73 72 30 0 0 0                                                            
65475 73 72 30 0 0 0                                                            
65476 73 73 30 0 0 0                                                            
65476 74 72 30 0 0 0                                                            
65475 73 72 30 0 0 0                                                            
65476 73 72 30 0 0 0                                                            
65475 74 72 30 0 0 0                                                            
65477 74 72 30 0 0 0                                                            
65475 73 72 30 0 0 0                                                            
65476 73 72 30 0 0 0                                                            
65476 73 72 30 0 0 0                                                            
65475 73 72 30 0 0 0                                                            
65476 73 72 30 0 0 0                                                            
65475 73 72 30 0 0 0                                                            
65477 74 72 30 0 0 0                                                            
65476 74 72 30 0 0 0                                                            
65475 73 72 30 0 0 0                                                            
65476 73 72 30 0 0 0                                                            
65475 73 72 30 0 0 0                                                            
65476 74 72 30 0 0 0                                                            
65477 74 72 30 0 0 0                                                            
65475 74 72 30 0 0 0                                                            
65476 73 72 30 0 0 0                                                            
65475 73 72 30 0 0 0                                                            
65476 74 72 30 0 0 0                                                            
65475 73 72 30 0 0 0                                                            
65476 74 72 30 0 0 0                                                            
65477 74 72 30 0 0 0                                                            
65475 74 72 30 0 0 0                                                            
65476 74 72 30 0 0 0                                                            
65475 74 73 30 0 0 0                                                            
65476 74 72 30 0 0 0                                                            
65476 73 72 30 0 0 0                                                            
65475 73 72 30 0 0 0                                                            
65476 73 72 30 0 0 0                                                            
65476 73 72 30 0 0 0                                                            
65476 73 72 30 0 0 0                                                            
65476 73 73 30 0 0 0                                                            
65475 74 72 30 0 0 0                                                            
65476 73 72 30 0 0 0                                                            
65475 73 72 30 0 0 0                                                            
65477 73 72 30 0 0 0                                                            
65475 73 72 30 0 0 0                                                            
65476 73 72 30 0 0 0                                                            
65476 73 72 30 0 0 0                                                            
65475 73 72 30 0 0 0                                                            
65476 73 72 30 0 0 0                                                            
65475 73 72 30 0 0 0                                                            
65477 73 72 30 0 0 0                                                            
65476 73 72 30 0 0 0                                                            
65475 74 72 30 0 0 0                                                            
65476 74 72 30 0 0 0                                                            
65475 73 72 30 0 0 0                                                            
65476 74 72 30 0 0 0                                                            
65475 74 72 30 0 0 0                                                            
65477 73 72 30 0 0 0                                                            
65476 74 72 30 0 0 0                                                            
65475 73 72 30 0 0 0                                                            
65476 73 72 30 0 0 0                                                            
65475 73 72 30 0 0 0                                                            
65476 73 72 30 0 0 0                                                            
65477 73 72 30 0 0 0                                                            
65475 73 72 30 0 0 0                                                            
65476 73 72 30 0 0 0                                                            
65475 73 72 30 0 0 0                                                            
65476 73 72 30 0 0 0                                                            
65477 73 72 30 0 0 0                                                            
65475 73 72 30 0 0 0                                                            
65476 73 72 30 0 0 0                                                            
65475 73 72 30 0 0 0                                                            
65476 73 72 30 0 0 0                                                            
65475 73 72 30 0 0 0                                                            
65477 73 72 30 0 0 0                                                            
65476 73 72 30 0 0 0                                                            
65475 73 72 30 0 0 0                                                            
65476 73 72 30 0 0 0                                                            
65475 73 72 30 0 0 0                                                            
65476 73 72 30 0 0 0                                                            
65477 73 72 30 0 0 0                                                            
65475 73 72 30 0 0 0                                                            
65476 73 72 30 0 0 0                                                            
65475 73 72 30 0 0 0                                                            
65476 73 72 30 0 0 0                                                            
65476 73 72 30 0 0 0                                                            
65476 73 72 30 0 0 0                                                            
65476 73 72 30 0 0 0                                                            
65475 73 73 30 0 0 0                                                            
65476 73 72 30 0 0 0                                                            
65475 73 72 30 0 0 0                                                            
65476 73 73 30 0 0 0                                                            
65476 73 72 30 0 0 0                                                            
65476 73 72 30 0 0 0                                                            
65476 73 72 30 0 0 0                                                            
65475 73 73 30 0 0 0                                                            
65476 73 72 30 0 0 0                                                            
65476 73 72 30 0 0 0                                                            
65475 74 72 30 0 0 0                                                            
65477 73 72 30 0 0 0                                                            
65475 73 72 30 0 0 0                                                            
65476 73 72 30 0 0 0                                                            
65476 73 72 30 0 0 0                                                            
65475 74 72 30 0 0 0                                                            
65476 73 72 30 0 0 0                                                            
65475 73 73 30 0 0 0                                                            
65477 73 72 30 0 0 0                                                            
65475 73 73 30 0 0 0                                                            
65476 73 72 30 0 0 0                                                            
65476 73 72 30 0 0 0                                                            
65475 73 72 30 0 0 0                                                            
65476 73 72 30 0 0 0                                                            
65476 73 72 30 0 0 0                                                            
65476 74 72 30 0 0 0                                                            
65476 73 72 30 0 0 0                                                            
65475 73 72 30 0 0 0                                                            
65476 73 72 30 0 0 0                                                            
65475 73 72 30 0 0 0                                                            
65477 73 72 30 0 0 0                                                            
65476 73 72 30 0 0 0                                                            
65475 73 72 30 0 0 0                                                            
65476 73 72 30 0 0 0                                                            
65475 73 73 30 0 0 0                                                            
65476 73 72 30 0 0 0                                                            
65475 73 72 30 0 0 0                                                            
65477 73 73 30 0 0 0                                                            
65476 73 72 30 0 0 0                                                            
65475 73 72 30 0 0 0                                                            
65476 73 72 30 0 0 0                                                            
65475 73 72 30 0 0 0                                                            
65477 73 72 30 0 0 0                                                            
65476 73 72 30 0 0 0                                                            
65475 73 72 30 0 0 0                                                            
65476 73 72 30 0 0 0                                                            
65475 73 72 30 0 0 0                                                            
65476 73 72 30 0 0 0                                                            
65477 73 72 30 0 0 0                                                            
65475 73 71 30 0 0 0                                                            
65476 73 72 30 0 0 0                                                            
65475 73 72 30 0 0 0                                                            
65476 74 72 30 0 0 0                                                            
65475 74 72 30 0 0 0                                                            
65477 73 72 30 0 0 0                                                            
65476 74 72 30 0 0 0                                                            
65475 73 72 30 0 0 0                                                            
65476 73 72 30 0 0 0                                                            
65475 74 72 30 0 0 0                                                            
65476 74 72 30 0 0 0                                                            
65477 73 72 30 0 0 0                                                            
65475 74 72 30 0 0 0                                                            
65476 74 72 30 0 0 0                                                            
65475 73 73 30 0 0 0                                                            
65476 74 72 30 0 0 0                                                            
65476 73 72 30 0 0 0                                                            
65475 74 72 30 0 0 0                                                            
65476 74 72 30 0 0 0                                                            
65476 73 72 30 0 0 0                                                            
65476 74 72 30 0 0 0                                                            
65475 74 72 30 0 0 0                                                            
65476 74 72 30 0 0 0                                                            
65476 74 72 30 0 0 0                                                            
65475 74 72 30 0 0 0                                                            
65476 74 72 30 0 0 0                                                            
65476 74 72 30 0 0 0                                                            
65476 74 72 30 0 0 0                                                            
65476 74 72 30 0 0 0                                                            
65475 74 72 30 0 0 0                                                            
65476 74 72 30 0 0 0                                                            
65475 74 72 30 0 0 0                                                            
65476 74 72 30 0 0 0                                                            
65476 74 72 30 0 0 0                                                            
65476 74 72 30 0 0 0                                                            
65476 74 72 30 0 0 0                                                            
65475 74 72 30 0 0 0                                                            
65476 73 72 30 2 0 0                                                            
65475 73 72 30 2 -255 -255                                                      
65476 71 71 30 2 -255 -255                                                      
65476 71 69 30 2 -255 -255                                                      
65476 68 67 30 2 -255 -255                                                      
65477 66 65 30 2 -255 -255                                                      
65475 63 63 30 2 -255 -255                                                      
65478 61 60 30 2 -255 -255                                                      
65477 57 58 30 2 -255 -255                                                      
65477 55 55 30 2 -255 -255                                                      
65479 52 52 30 2 -255 -255                                                      
65478 49 48 30 2 -255 -255                                                      
65478 46 45 30 2 -255 -255                                                      
65479 44 42 30 2 -255 -255                                                      
65480 40 39 30 2 -255 -255                                                      
65479 37 36 30 2 -255 -255                                                      
65480 34 34 30 2 -200 -150                                                      
65481 32 30 30 2 -71 -118                                                       
65480 29 29 30 2 -33 170                                                        
65481 27 27 30 2 161 70                                                         
65481 26 25 30 2 214 223                                                        
65481 25 6 30 2 223 255                                                         
65482 25 25 30 2 255 255                                                        
65482 26 8 30 2 235 -255                                                        
65481 27 27 30 2 150 255                                                        
65480 28 24 30 2 112 -255                                                       
65481 29 24 30 2 71 255                                                         
65481 30 28 30 2 27 255                                                         
65480 31 29 30 2 -20 -118                                                       
65480 31 29 30 2 -70 -12                                                        
65481 31 30 30 2 -23 41                                                         
65481 31 30 30 2 -26 -56                                                        
65479 31 30 30 2 -29 -10                                                        
65481 31 30 30 2 -32 -10                                                        
65481 32 30 30 2 -35 -10                                                        
65480 31 30 30 2 -138 -10                                                       
65480 31 30 30 2 10 -10                                                         
65481 31 30 30 2 -47 -10                                                        
65480 31 30 30 2 -50 -10                                                        
65480 31 29 30 2 -53 -10                                                        
65481 31 29 30 2 -56 94                                                         
65481 31 29 30 2 -59 47                                                         
65480 31 29 30 2 -62 50                                                         
65481 31 29 30 2 -65 53                                                         
65480 31 29 30 2 -68 56                                                         
65480 31 29 30 2 -71 59                                                         
65481 31 29 30 2 -74 62                                                         
65480 31 30 30 2 -77 65                                                         
65480 31 29 30 2 -80 -32                                                        
65481 31 29 30 2 -83 118                                                        
65481 31 29 30 2 -86 71                                                         
65479 31 30 30 2 -89 74                                                         
65481 31 26 30 2 -92 -23                                                        
65481 31 26 30 2 -95 255                                                        
65483 30 3 30 2 -98 227                                                         
65479 30 31 30 2 -1 255                                                         
65481 31 31 30 2 -51 -255                                                       
65481 30 31 30 2 -151 -11                                                       
65479 30 32 30 2 -4 -14                                                         
65481 30 31 30 2 -54 -117                                                       
65481 30 31 30 2 -54 27                                                         
65479 30 31 30 2 -54 -26                                                        
65481 30 31 30 2 -54 -29                                                        
65481 30 31 30 2 -54 -32                                                        
65480 30 31 30 2 -54 -35                                                        
65480 30 31 30 2 -54 -38                                                        
65481 30 31 30 2 -54 -41                                                        
65481 30 31 30 2 -54 -44                                                        
65479 30 31 30 2 -54 -47                                                        
65481 30 31 30 2 -54 -50                                                        
65481 30 31 30 2 -54 -53                                                        
65480 30 31 30 2 -54 -56                                                        
65480 30 31 30 2 -54 -59                                                        
65481 30 31 30 2 -54 -62                                                        
65481 30 31 30 2 -54 -65                                                        
65479 30 31 30 2 -54 -68                                                        
65481 30 31 30 2 -54 -71                                                        
65481 30 31 30 2 -54 -74                                                        
65480 30 31 30 2 -54 -77                                                        
65480 30 31 30 2 -54 -80                                                        
65481 30 31 30 2 -54 -83                                                        
65480 30 31 50 2 -54 -86                                                        
65480 30 31 50 2 255 255                                                        
65483 30 2 50 2 255 255                                                         
65480 31 33 50 2 255 255                                                        
65479 32 34 50 2 255 -255                                                       
65481 33 34 50 2 255 255                                                        
65480 35 36 50 2 255 255                                                        
65479 36 38 50 2 255 255                                                        
65480 38 34 50 2 255 255                                                        
65480 41 35 50 2 255 255                                                        
65478 43 42 50 2 246 255                                                        
65479 45 41 50 2 223 11                                                         
65479 47 47 50 2 144 255                                                        
65478 50 45 50 2 59 -165                                                        
65478 51 50 50 2 -132 255                                                       
65479 53 51 50 2 -82 -255                                                       
65477 52 51 50 2 -235 -106                                                      
65478 52 50 50 2 -44 -59                                                        
65478 52 51 50 2 -100 38                                                        
65478 52 46 50 2 -106 -112                                                      
65481 51 5 50 2 -112 255                                                        
65478 50 46 50 2 -18 255                                                        
65478 50 50 50 2 29 -255                                                        
65479 50 50 50 2 -21 -215                                                       
65478 49 46 50 2 -21 -15                                                        
65478 50 49 50 2 79 255                                                         
65479 49 49 50 2 -68 -115                                                       
65478 50 49 50 2 82 38                                                          
65478 49 49 50 2 -65 41                                                         
65479 49 49 50 2 85 44                                                          
65477 50 49 50 2 38 47                                                          
65479 50 49 50 2 -59 50                                                         
65479 50 49 50 2 -10 53                                                         
65477 50 49 50 2 -10 56                                                         
65479 50 49 50 2 -10 59                                                         
65479 50 49 50 2 -10 62                                                         
65477 50 49 50 2 -10 65                                                         
65479 49 49 50 2 -10 68                                                         
65478 50 49 50 2 91 71                                                          
65478 50 49 50 2 -56 74                                                         
65479 50 50 50 2 -10 77                                                         
65477 50 47 50 2 -10 -20                                                        
65479 50 45 50 2 -10 255                                                        
65479 50 45 50 2 -10 255                                                        
65478 50 47 50 2 -10 255                                                        
65478 50 52 50 2 -10 80                                                         
65478 50 52 50 2 -10 -255                                                       
65478 51 52 50 2 -10 -61                                                        
65478 50 51 50 2 -106 -67                                                       
65479 50 51 50 2 41 27                                                          
65477 50 52 50 2 -10 -26                                                        
65479 50 51 50 2 -10 -129                                                       
65478 50 52 50 2 -10 15                                                         
65478 50 51 50 2 -10 -138                                                       
65478 50 50 50 2 -10 10                                                         
65478 50 50 50 2 -10 53                                                         
65478 50 51 50 2 -10 3                                                          
65479 50 50 50 2 -10 -97                                                        
65477 50 48 50 2 -10 50                                                         
65479 50 50 50 2 -10 200                                                        
65478 50 50 50 2 -10 -94                                                        
65478 50 51 50 2 -10 10                                                         
65479 50 50 50 2 -10 -94                                                        
65478 49 51 50 2 -10 53                                                         
65478 50 48 50 2 91 -97                                                         
65481 50 6 50 2 -56 250                                                         
65478 50 51 50 2 -10 255                                                        
65478 50 51 50 2 -10 -255                                                       
65478 50 51 50 2 -10 -44                                                        
65479 50 50 50 2 -10 -47                                                        
65477 50 50 50 2 -10 50                                                         
65479 50 51 50 2 -10 0                                                          
65477 50 50 50 2 -10 -100                                                       
65479 50 50 50 2 -10 47                                                         
65478 50 50 50 2 -10 -3                                                         
65478 50 50 50 2 -10 -3                                                         
65479 49 50 50 2 -10 -3                                                         
65478 50 51 50 2 94 -3                                                          
65478 50 50 50 2 -53 -103                                                       
65478 50 51 50 2 -3 44                                                          
65479 50 50 50 2 -3 -106                                                        
65478 50 46 50 2 -3 41                                                          
65478 50 50 50 2 -3 255                                                         
65479 50 51 50 2 -3 -209                                                        
65477 50 51 50 2 -3 -109                                                        
65479 49 47 30 2 -3 -62                                                         
65481 49 6 30 2 -255 -255                                                       
65480 49 4 30 2 -255 255                                                        
65479 48 44 30 2 -255 255                                                       
65481 47 5 30 2 -255 -255                                                       
65481 45 5 30 2 -255 255                                                        
65479 45 48 30 2 -255 255                                                       
65478 45 49 30 2 -255 -255                                                      
65478 43 48 30 2 -255 -255                                                      
65479 43 48 30 2 -255 -255                                                      
65471 178 45 30 2 -255 -255                                                     
65479 40 44 30 2 -255 -255                                                      
65480 36 43 30 2 255 -255                                                       
65474 35 124 30 2 -103 -255                                                     
65480 32 37 30 2 -221 -255                                                      
65480 31 35 30 2 14 255                                                         
65480 29 34 30 2 -42 -165                                                       
65481 28 33 30 2 105 -180                                                       
65480 27 31 30 2 108 -142                                                       
65481 26 30 30 2 164 -1                                                         
65480 26 29 30 2 223 -4                                                         
65481 26 29 30 2 185 46                                                         
65482 26 29 30 2 197 -1                                                         
65480 26 29 30 2 209 2                                                          
65481 27 29 30 2 221 5                                                          
65481 27 29 30 2 133 10                                                         
65480 27 28 30 2 192 11                                                         
65481 28 28 30 2 201 114                                                        
65480 28 29 30 2 110 70                                                         
65483 30 6 30 2 166 -24                                                         
65479 30 26 30 2 -28 255                                                        
65481 31 26 30 2 72 -255                                                        
65481 31 26 30 2 -28 179                                                        
65480 31 26 30 2 19 191                                                         
65481 31 27 30 2 16 203                                                         
65482 32 6 30 2 13 115                                                          
65481 32 32 30 2 -90 255                                                        
65481 32 3 30 2 -46 -255                                                        
65482 32 4 30 2 -52 255                                                         
65482 32 4 30 2 -58 255                                                         
65479 32 33 30 2 -64 255                                                        
65482 32 4 30 2 -70 -255                                                        
65483 32 4 30 2 -76 255                                                         
65480 32 34 30 2 -82 255                                                        
65480 32 34 30 2 -88 -255                                                       
65481 32 7 30 2 -94 -176                                                        
65481 32 33 30 2 -100 255                                                       
65481 31 4 30 2 -106 -255                                                       
65482 31 4 30 2 -12 255                                                         
65482 31 4 30 2 -65 255                                                         
65481 32 34 30 2 -68 255                                                        
65479 31 34 30 2 -171 -255                                                      
65480 32 34 30 2 -27 -188                                                       
65481 31 33 30 2 -180 -200                                                      
65479 31 32 30 2 -36 -112                                                       
65481 30 31 30 2 -89 -71                                                        
65481 29 31 30 2 10 -27                                                         
65480 29 30 30 2 58 -80                                                         
65481 29 30 30 2 11 17                                                          
65480 29 29 30 2 14 -33                                                         
65480 29 30 30 2 17 67                                                          
65481 29 30 30 2 20 -80                                                         
65481 29 30 30 2 23 -30                                                         
65481 29 30 30 2 26 -30                                                         
65480 29 30 30 2 29 -30                                                         
65480 29 30 30 2 32 -30                                                         
65481 29 30 30 2 35 -30                                                         
65480 29 30 30 2 38 -30                                                         
65481 29 30 30 2 41 -30                                                         
65481 29 30 30 2 44 -30                                                         
65481 29 30 30 2 47 -30                                                         
65479 29 30 30 2 50 -30                                                         
65481 29 30 30 2 53 -30                                                         
65481 29 30 30 2 56 -30                                                         
65480 29 30 30 2 59 -30                                                         
65481 29 30 30 2 62 -30                                                         
65481 29 29 30 2 65 -30                                                         
65479 29 30 30 2 68 70                                                          
65481 29 31 30 2 71 -77                                                         
65481 30 30 30 2 74 -127                                                        
65480 29 29 30 2 -23 20                                                         
65481 29 28 30 2 127 70                                                         
65481 29 30 30 2 80 123                                                         
65480 30 30 30 2 83 -121                                                        
65480 30 30 30 2 -14 -21                                                        
65481 29 30 30 2 36 -21                                                         
65482 30 6 30 2 136 -21                                                         
65480 30 31 30 2 -11 255                                                        
65482 30 4 30 0 39 -255                                                         
65482 30 7 30 0 0 0                                                             
65481 30 31 30 0 0 0                                                            
65481 30 6 30 0 0 0                                                             
65481 30 31 30 0 0 0                                                            
65482 30 6 30 0 0 0                                                             
65480 30 30 30 0 0 0                                                            
65482 30 6 30 0 0 0                                                             
65483 30 6 30 0 0 0                                                             
65481 30 30 30 0 0 0                                                            
65480 30 31 30 0 0 0                                                            
65480 30 31 30 0 0 0                                                            
65483 30 6 30 0 0 0                                                             
65480 30 31 30 0 0 0                                                            
65482 30 6 30 0 0 0                                                             
65481 30 31 30 0 0 0                                                            
65481 30 31 30 0 0 0                                                            
65481 30 6 30 0 0 0                                                             
65482 30 6 30 0 0 0                                                             
65481 30 30 30 0 0 0                                                            
65480 30 30 30 0 0 0                                                            
65481 30 30 30 0 0 0                                                            
65481 30 30 30 0 0 0                                                            
65482 30 6 30 0 0 0                                                             
65480 30 30 30 0 0 0                                                            
65482 30 5 30 0 0 0                                                             
65481 30 30 30 0 0 0                                                            
65482 30 6 30 0 0 0                                                             
65480 30 30 30 0 0 0                                                            
65481 30 30 30 0 0 0                                                            
65481 30 30 30 0 0 0                                                            
65480 30 30 30 0 0 0                                                            
65481 30 30 30 0 0 0                                                            
65481 30 30 30 0 0 0                                                            
65480 30 30 30 0 0 0                                                            
65481 30 30 30 0 0 0                                                            
65481 30 30 30 0 0 0                                                            
65481 30 30 30 0 0 0                                                            
65479 30 30 30 0 0 0                                                            
65481 30 30 30 0 0 0                                                            
65481 30 30 30 0 0 0                                                            
65481 30 6 30 0 0 0                                                             
65481 30 30 30 0 0 0                                                            
65481 30 30 30 0 0 0                                                            
65480 30 30 30 0 0 0                                                            
65481 30 30 30 0 0 0                                                            
65481 30 30 30 0 0 0                                                            
65481 30 30 30 0 0 0                                                            
65480 30 30 30 0 0 0                                                            
65481 30 30 30 0 0 0                                                            
65481 30 30 30 0 0 0                                                            
65479 30 30 30 0 0 0                                                            
65481 30 30 30 0 0 0                                                            
65481 30 30 30 0 0 0                                                            
65480 30 31 30 0 0 0                                                            
65481 30 30 30 0 0 0                                                            
65481 30 30 30 0 0 0                                                            
65481 30 30 30 0 0 0                                                            
65480 30 30 30 0 0 0                                                            
65481 30 30 30 0 0 0                                                            
65480 30 30 30 0 0 0                                                            
65480 30 30 30 0 0 0                                                            
65481 30 30 30 0 0 0                                                            
65481 30 30 30 0 0 0                                                            
65480 30 30 30 0 0 0                                                            
65481 30 30 30 0 0 0                                                            
65482 30 5 30 0 0 0                                                             
65482 30 6 30 0 0 0                                                             
65480 30 30 30 0 0 0                                                            
65483 30 5 30 0 0 0                                                             
65482 30 6 30 0 0 0                                                             
65482 30 4 30 0 0 0                                                             
65482 30 4 30 0 0 0                                                             
65481 30 30 30 0 0 0                                                            
65482 30 6 30 0 0 0                                                             
65481 30 6 30 0 0 0                                                             
65481 30 31 30 0 0 0                                                            
65482 30 5 30 0 0 0                                                             
65483 30 6 30 0 0 0                                                             
65481 30 6 30 0 0 0                                                             
65482 30 5 30 0 0 0                                                             
65481 30 31 30 0 0 0                                                            
65481 30 30 30 0 0 0                                                            
65480 30 31 30 0 0 0                                                            
                                                                                
65481 30 31 30 0 0 0
65481 30 31 30 0 0 0
65480 30 30 30 0 0 0
65480 30 30 30 0 0 0
65483 30 6 30 0 0 0
65480 30 30 30 0 0 0
65482 30 6 30 0 0 0
65481 30 31 30 0 0 0
65481 30 31 30 0 0 0
65480 30 31 30 0 0 0
65480 30 30 30 0 0 0
65481 30 31 30 0 0 0
65480 30 30 30 0 0 0
65483 30 5 30 0 0 0
65483 9 9 30 0 0 0
65472 177 21 30 0 0 0
65484 7 9 30 0 0 0
65483 6 6 30 0 0 0
65484 10 8 30 0 0 0
65481 31 6 30 0 0 0
65483 7 7 30 0 0 0
65484 7 7 30 0 0 0
65483 7 6 30 0 0 0
65483 7 6 30 0 0 0
65484 7 7 30 0 0 0
65483 8 7 30 0 0 0
65483 7 7 30 0 0 0
65484 7 7 30 0 0 0
65483 7 7 30 0 0 0
65483 7 7 30 0 0 0
65484 7 7 30 0 0 0
65483 7 7 30 0 0 0
65483 7 7 30 0 0 0
65483 7 7 30 0 0 0
65484 7 7 30 0 0 0
65483 7 7 30 0 0 0
65483 7 6 30 0 0 0
65483 7 7 30 0 0 0
65484 7 7 30 0 0 0
65483 7 6 30 0 0 0
65482 30 9 30 0 0 0
65482 30 10 30 0 0 0
65482 30 6 30 0 0 0
65482 30 9 30 0 0 0
65481 30 9 30 0 0 0
65483 30 6 30 0 0 0
65482 30 6 30 0 0 0
65481 30 30 30 0 0 0
65481 30 5 30 0 0 0
65481 30 30 30 0 0 0
65482 30 5 30 0 0 0
65480 30 31 30 0 0 0
65481 30 30 30 0 0 0
65481 30 30 30 0 0 0
65481 30 30 30 0 0 0
65481 30 5 30 0 0 0
65483 30 6 30 0 0 0
65482 30 6 30 0 0 0
65480 30 31 30 0 0 0
65481 30 31 30 0 0 0
65480 30 30 30 0 0 0
65481 30 30 30 0 0 0
65480 30 30 30 0 0 0
65481 30 31 30 0 0 0
65481 30 31 30 0 0 0
65480 30 30 30 0 0 0
65481 30 30 30 0 0 0
65482 30 5 30 0 0 0
65482 30 5 30 0 0 0
65482 30 6 30 0 0 0
65482 30 5 30 0 0 0
65482 30 6 30 0 0 0
65482 30 7 30 0 0 0
65481 30 30 30 0 0 0
65480 30 30 30 0 0 0
65481 30 30 30 0 0 0
65480 30 30 30 0 0 0
65481 30 30 30 0 0 0
65482 30 6 30 0 0 0
65480 30 30 30 0 0 0
65481 30 30 30 0 0 0
65483 30 6 30 0 0 0
65480 30 30 30 0 0 0
65482 30 5 30 0 0 0
65481 30 30 30 0 0 0
65482 30 6 30 0 0 0
65481 30 6 30 0 0 0
65483 30 6 30 0 0 0
65482 30 6 30 0 0 0
65481 30 31 30 0 0 0
65480 30 30 30 0 0 0
65482 30 6 30 0 0 0
65482 30 5 30 0 0 0
65480 30 31 30 0 0 0
65482 30 7 30 0 0 0
65481 30 30 30 0 0 0
65483 30 6 30 0 0 0
65480 30 30 30 0 0 0
65482 30 6 30 0 0 0
65482 30 6 30 0 0 0
65482 30 5 30 0 0 0
65482 30 6 30 0 0 0
65481 30 30 30 0 0 0
65482 30 6 30 0 0 0
65480 30 30 30 0 0 0
65482 30 6 30 0 0 0
65482 30 6 30 0 0 0
65483 30 6 30 0 0 0
65481 30 6 30 0 0 0
65481 30 30 30 0 0 0
65481 30 30 30 0 0 0
65482 30 5 30 0 0 0
65481 30 6 30 0 0 0
65483 30 5 30 0 0 0
65481 30 30 30 0 0 0
65481 30 5 30 0 0 0
65482 30 6 30 0 0 0
65483 30 5 30 0 0 0
65482 30 6 30 0 0 0
65480 30 31 30 0 0 0
65482 30 7 30 0 0 0
65481 30 30 30 0 0 0
65480 30 30 30 0 0 0
65481 30 30 30 0 0 0
65481 30 30 30 0 0 0
65481 30 30 30 0 0 0
65480 30 30 30 0 0 0
65480 30 30 30 0 0 0
65481 30 30 30 0 0 0
65480 30 30 30 0 0 0
65481 30 30 30 0 0 0
65481 30 30 30 0 0 0
65481 30 30 30 0 0 0
65480 30 30 30 0 0 0
65481 30 30 30 0 0 0
65481 30 30 30 0 0 0
65480 30 30 30 0 0 0
65481 30 30 30 0 0 0
65480 30 30 30 0 0 0
65480 30 30 30 0 0 0
65481 30 30 30 0 0 0
65481 30 30 30 0 0 0
65481 30 30 30 0 0 0
65480 30 30 30 0 0 0
65481 30 30 30 0 0 0
65481 30 30 30 0 0 0
65480 30 30 30 0 0 0
65481 30 30 30 0 0 0
65480 30 30 30 0 0 0
65480 30 30 30 0 0 0
65483 30 6 30 0 0 0
65480 30 31 30 0 0 0
65481 30 30 30 0 0 0
65480 30 31 30 0 0 0
65481 30 30 30 0 0 0
65482 30 6 30 0 0 0
65480 30 30 30 0 0 0
65481 30 30 30 0 0 0
65481 30 30 30 0 0 0
65481 30 30 30 0 0 0
65481 30 5 30 0 0 0
65483 30 6 30 0 0 0
65481 30 30 30 0 0 0
65481 30 5 30 0 0 0
65482 30 5 30 0 0 0
65481 30 30 30 0 0 0
65482 30 5 30 0 0 0
65482 30 6 30 0 0 0
65481 30 30 30 0 0 0
65481 30 30 30 0 0 0
65481 30 6 30 0 0 0
65481 30 30 30 0 0 0
65482 30 6 30 0 0 0
65481 30 30 30 0 0 0
65480 30 30 30 0 0 0
65481 30 30 30 0 0 0
65481 30 30 30 0 0 0
65481 30 6 30 0 0 0
65482 30 6 30 0 0 0
65483 30 6 30 0 0 0
65482 30 5 30 0 0 0
65481 30 6 30 0 0 0
65482 30 6 30 0 0 0
65481 30 30 30 0 0 0
65481 30 30 30 0 0 0
65480 30 30 30 0 0 0
65481 30 31 30 0 0 0
65481 30 30 30 0 0 0
65481 30 5 30 0 0 0
65483 30 5 30 0 0 0
65480 30 30 30 0 0 0
65483 30 6 30 0 0 0
65481 30 5 30 0 0 0
65482 30 6 30 0 0 0
65481 30 31 30 0 0 0
65482 30 5 30 0 0 0
65482 30 6 30 0 0 0
65482 30 5 30 0 0 0
65482 30 6 30 0 0 0
65480 30 30 30 0 0 0
65483 30 6 30 0 0 0
65481 30 31 30 0 0 0
65479 30 31 30 0 0 0
65481 30 31 30 0 0 0
65481 30 31 30 0 0 0
65481 30 31 30 0 0 0
65480 30 31 30 0 0 0
65481 30 30 30 0 0 0
65481 30 30 30 0 0 0
65481 30 6 30 0 0 0
65481 30 31 30 0 0 0
65481 30 30 30 0 0 0
65481 30 30 30 0 0 0
65480 30 31 30 0 0 0
65482 29 6 30 0 0 0
65481 30 30 30 0 0 0
65480 30 31 30 0 0 0
65482 30 6 30 0 0 0
65481 30 30 30 0 0 0
65482 30 5 30 0 0 0
65481 30 6 30 0 0 0
65483 30 6 30 0 0 0
65482 30 6 30 0 0 0
65481 30 6 30 0 0 0
65481 30 31 30 0 0 0
65481 30 30 30 0 0 0
65481 30 30 30 0 0 0
65481 30 6 30 0 0 0
65483 30 6 30 0 0 0
65481 30 30 30 0 0 0
65480 30 30 30 0 0 0
65482 30 6 30 0 0 0
65482 30 6 30 0 0 0
65481 30 30 30 0 0 0
65480 30 30 30 0 0 0
65482 30 6 30 0 0 0
65481 30 30 30 0 0 0
65480 30 30 30 0 0 0
65481 30 30 30 0 0 0
65481 30 30 30 0 0 0
65482 30 6 30 0 0 0
65480 30 30 30 0 0 0
65482 30 5 30 0 0 0
65481 30 30 30 0 0 0
65481 30 6 30 0 0 0
65481 30 30 30 0 0 0
65483 30 6 30 0 0 0
65481 30 30 30 0 0 0
65481 30 6 30 0 0 0
65481 30 30 30 0 0 0
65481 30 31 30 0 0 0
65480 30 30 30 0 0 0
65482 30 6 30 0 0 0
65481 30 30 30 0 0 0
65482 30 6 30 0 0 0
65480 30 31 30 0 0 0
65482 30 6 30 0 0 0
65481 30 31 30 0 0 0
65480 30 30 30 0 0 0
65482 30 6 30 0 0 0
65481 30 30 30 0 0 0
65481 30 30 30 0 0 0
65480 30 30 30 0 0 0
65481 30 30 30 0 0 0
65481 30 30 30 0 0 0
65480 30 30 30 0 0 0
65482 30 6 30 0 0 0
65481 30 30 30 0 0 0
65481 30 30 30 0 0 0
65481 30 7 30 0 0 0
65482 30 6 30 0 0 0
65481 30 30 30 0 0 0
65481 30 6 30 0 0 0
65481 30 30 30 0 0 0
65481 30 30 30 0 0 0
65482 30 6 30 0 0 0
65480 30 30 30 0 0 0
65481 30 30 30 0 0 0
65483 30 6 30 0 0 0
65479 30 30 30 0 0 0
65483 30 6 30 0 0 0
65481 30 30 30 0 0 0
65481 30 30 30 0 0 0
65480 30 30 30 0 0 0
65480 30 31 30 0 0 0
65481 30 30 30 0 0 0
65480 30 30 30 0 0 0
65481 30 31 30 0 0 0
65481 30 30 30 0 0 0
65480 30 30 30 0 0 0
65481 30 30 30 0 0 0
65482 30 6 30 0 0 0
65481 30 31 30 0 0 0
65480 30 31 30 0 0 0
65481 30 30 30 0 0 0
65481 30 30 30 0 0 0
65479 30 31 30 0 0 0
65481 30 31 30 0 0 0
65481 30 30 30 0 0 0
65481 30 31 30 0 0 0
65480 30 30 30 0 0 0
65481 30 30 30 0 0 0
65482 30 5 30 0 0 0
65480 30 31 30 0 0 0
65482 30 6 30 0 0 0
65483 30 6 30 0 0 0
65482 30 6 30 0 0 0
65480 30 31 30 0 0 0
65482 30 5 30 0 0 0
65483 30 6 30 0 0 0
65479 30 31 30 0 0 0
65483 30 6 30 0 0 0
65482 30 6 30 0 0 0
65482 30 6 30 0 0 0
65480 30 30 30 0 0 0
65481 30 30 30 0 0 0
65481 30 31 30 0 0 0
65481 30 6 30 0 0 0
65481 30 30 30 0 0 0
65481 30 31 30 0 0 0
65481 30 31 30 0 0 0
65480 30 30 30 0 0 0
65482 30 7 30 0 0 0
65481 30 30 30 0 0 0
65480 30 30 30 0 0 0
65481 30 30 30 0 0 0
65481 30 30 30 0 0 0
65481 30 30 30 0 0 0
65481 30 6 30 0 0 0
65481 30 30 30 0 0 0
65481 30 30 30 0 0 0
65480 30 30 30 0 0 0
65480 30 30 30 0 0 0
65483 30 6 30 0 0 0
65482 30 6 30 0 0 0
65481 30 6 30 0 0 0
65481 30 30 30 0 0 0
65482 30 6 30 0 0 0
65482 30 6 30 0 0 0
65481 30 30 30 0 0 0
65481 30 30 30 0 0 0
65481 30 30 30 0 0 0
65479 30 31 30 0 0 0
65481 30 30 30 0 0 0
65481 30 30 30 0 0 0
65480 30 30 30 0 0 0
65481 30 30 30 0 0 0
65481 30 31 30 0 0 0
65480 30 31 30 0 0 0
65482 30 7 30 0 0 0
65481 30 30 30 0 0 0
65481 30 30 30 0 0 0
65481 30 6 30 0 0 0
65482 30 5 30 0 0 0
65483 30 5 30 0 0 0
65482 30 6 30 0 0 0
65480 30 30 30 0 0 0
65481 30 30 30 0 0 0
65481 30 30 30 0 0 0
65481 30 6 30 0 0 0
65482 30 6 30 0 0 0
65481 30 30 30 0 0 0
65483 30 6 30 0 0 0
65479 30 30 30 0 0 0
65483 30 6 30 0 0 0
65481 30 30 30 0 0 0
65480 30 31 30 0 0 0
65480 30 30 30 0 0 0
65481 30 31 30 0 0 0
65481 30 30 30 0 0 0
65480 30 31 30 0 0 0
65481 30 30 30 0 0 0
65481 30 30 30 0 0 0
65480 30 30 30 0 0 0
65481 30 31 30 0 0 0
65481 30 30 30 0 0 0
65479 30 30 30 0 0 0
65481 30 30 30 0 0 0
65481 30 30 30 0 0 0
65481 30 30 30 0 0 0
65480 30 30 30 0 0 0
65481 30 31 30 0 0 0
65481 30 30 30 0 0 0
65480 30 30 30 0 0 0
65481 30 30 30 0 0 0
65482 30 6 30 0 0 0
65480 30 30 30 0 0 0
65481 30 30 30 0 0 0
65482 30 6 30 0 0 0
65481 30 30 30 0 0 0
65480 30 30 30 0 0 0
65481 30 30 30 0 0 0
65481 30 30 30 0 0 0
65481 30 6 30 0 0 0
65481 30 30 30 0 0 0
65481 30 30 30 0 0 0
65481 30 30 30 0 0 0
65479 30 30 30 0 0 0
65483 30 6 30 0 0 0
65482 30 6 30 0 0 0
65480 30 30 30 0 0 0
65481 30 30 30 0 0 0
65482 30 5 30 0 0 0
65482 30 5 30 0 0 0
65480 30 30 30 0 0 0
65481 30 30 30 0 0 0
65483 30 6 30 0 0 0
65479 30 30 30 0 0 0
65483 30 6 30 0 0 0
65481 30 30 30 0 0 0
65481 30 30 30 0 0 0
65479 30 31 30 0 0 0
65483 30 5 30 0 0 0
65482 30 5 30 0 0 0
65480 30 30 30 0 0 0
65482 30 5 30 0 0 0
65481 30 30 30 0 0 0
65481 30 30 30 0 0 0
65481 30 6 30 0 0 0
65481 30 30 30 0 0 0
65481 30 30 30 0 0 0
65481 30 6 30 0 0 0
65483 30 6 30 0 0 0
65481 30 31 30 0 0 0
65482 30 5 30 0 0 0
65480 30 31 30 0 0 0
65482 30 5 30 0 0 0
65482 30 6 30 0 0 0
65481 30 31 30 0 0 0
65480 30 30 30 0 0 0
65481 30 31 30 0 0 0
65482 30 6 30 0 0 0
65480 30 31 30 0 0 0
65481 30 30 30 0 0 0
65483 30 6 30 0 0 0
65479 30 30 30 0 0 0
65483 30 6 30 0 0 0
65482 30 6 30 0 0 0
65481 30 31 30 0 0 0
65481 30 6 30 0 0 0
65482 30 5 30 0 0 0
65483 30 6 30 0 0 0
65482 30 6 30 0 0 0
65481 30 6 30 0 0 0
65483 30 6 30 0 0 0
65481 30 31 30 0 0 0
65479 30 30 30 0 0 0
65483 30 6 30 0 0 0
65481 30 30 30 0 0 0
65481 30 31 30 0 0 0
65479 30 31 30 0 0 0
65481 30 31 30 0 0 0
65481 30 30 30 0 0 0
65481 30 6 30 0 0 0
65481 30 31 30 0 0 0
65481 30 30 30 0 0 0
65483 30 5 30 0 0 0
65479 30 31 30 0 0 0
65481 30 30 30 0 0 0
65481 30 30 30 0 0 0
65482 30 7 30 0 0 0
65480 30 30 30 0 0 0
65483 30 7 30 0 0 0
65482 30 6 30 0 0 0
65481 30 6 30 0 0 0
65481 30 30 30 0 0 0
65482 30 6 30 0 0 0
65483 30 6 30 0 0 0
65480 30 30 30 0 0 0
65482 30 6 30 0 0 0
65482 30 6 30 0 0 0
65482 30 6 30 0 0 0
65480 30 30 30 0 0 0
65483 30 5 30 0 0 0
65482 30 5 30 0 0 0
65481 30 5 30 0 0 0
65481 30 31 30 0 0 0
65481 30 30 30 0 0 0
65480 30 31 30 0 0 0
65481 30 31 30 0 0 0
65482 30 6 30 0 0 0
65481 30 30 30 0 0 0
65481 30 5 30 0 0 0
65481 30 31 30 0 0 0
65481 30 31 30 0 0 0
65482 30 6 30 0 0 0
65482 30 6 30 0 0 0
65481 30 30 30 0 0 0
65482 30 6 30 0 0 0
65481 30 6 30 0 0 0
65481 30 30 30 0 0 0
65481 30 30 30 0 0 0
65481 30 6 30 0 0 0
65481 30 30 30 0 0 0
65481 30 30 30 0 0 0
65482 30 6 30 0 0 0
65482 30 6 30 0 0 0
65482 30 6 30 0 0 0
65481 30 31 30 0 0 0
65480 30 30 30 0 0 0
65482 30 6 30 0 0 0
65481 30 31 30 0 0 0
65481 30 30 30 0 0 0
65481 30 6 30 0 0 0
65482 30 6 30 0 0 0
65483 30 6 30 0 0 0
65481 30 31 30 0 0 0
65479 30 30 30 0 0 0
65481 30 30 30 0 0 0
65481 30 30 30 0 0 0
65480 30 30 30 0 0 0
65481 30 30 30 0 0 0
65481 30 30 30 0 0 0
65481 30 5 30 0 0 0
65481 30 31 30 0 0 0
65482 30 6 30 0 0 0
65483 30 6 30 0 0 0
65480 30 30 30 0 0 0
65480 30 30 30 0 0 0
65483 30 6 30 0 0 0
65480 30 30 30 0 0 0
65480 30 30 30 0 0 0
65481 30 30 30 0 0 0
65483 30 6 30 0 0 0
65480 30 30 30 0 0 0
65482 30 6 30 0 0 0
65481 30 30 30 0 0 0
65480 30 31 30 0 0 0
65482 30 6 30 0 0 0
65482 30 5 30 0 0 0
65481 30 30 30 0 0 0
65481 30 6 30 0 0 0
65483 30 6 30 0 0 0
65481 30 30 30 0 0 0
65481 30 31 30 0 0 0
65479 30 30 30 0 0 0
65483 30 6 30 0 0 0
65481 30 30 30 0 0 0
65481 30 6 30 0 0 0
65482 30 5 3 0 0 0
65481 30 30 3 0 0 0
65481 30 30 3 0 0 0
65481 30 6 3 0 0 0
65483 30 6 3 0 0 0
65481 30 30 3 0 0 0
65481 30 6 3 0 0 0
65481 30 30 3 0 0 0
65481 30 30 3 0 0 0
65482 30 5 3 0 0 0
65481 30 6 3 0 0 0
65483 30 5 3 0 0 0
65482 30 7 3 0 0 0
65480 30 30 3 0 0 0
65481 30 30 3 0 0 0
65482 30 5 3 0 0 0
65483 30 6 3 0 0 0
65481 30 7 3 0 0 0
65482 30 5 3 0 0 0
65481 30 30 3 0 0 0
65483 30 5 3 0 0 0
65480 30 30 3 0 0 0
65481 30 30 3 0 0 0
65482 30 6 3 0 0 0
65480 30 31 3 0 0 0
65481 30 30 3 0 0 0
65482 30 5 3 0 0 0
65481 30 30 3 0 0 0
65481 30 5 3 0 0 0
65483 30 6 3 0 0 0
65482 30 6 3 0 0 0
65480 30 30 3 0 0 0
65481 30 30 3 0 0 0
65482 30 6 3 0 0 0
65483 30 7 3 0 0 0
65481 30 6 3 0 0 0
65481 30 30 3 0 0 0
65482 30 6 3 0 0 0
65481 30 30 3 0 0 0
65480 30 30 3 0 0 0
65481 30 30 3 0 0 0
65481 30 31 3 0 0 0
65480 30 31 3 2 0 0
65483 29 0 3 2 -255 -255
65481 29 27 3 2 -255 255
65482 29 2 3 2 -255 -255
65480 28 29 3 2 -255 255
65481 27 30 3 2 -255 -255
65481 26 29 3 2 -255 -255
65480 25 27 3 2 -255 -255
65482 23 7 3 2 -255 -255
65482 21 25 3 2 -255 255
65483 19 6 3 2 -255 -255
65480 18 23 3 2 -255 255
65482 17 23 3 2 -255 -255
65482 17 24 3 2 -255 -255
65474 15 151 3 2 -255 -255
65482 12 20 3 2 -255 -255
65482 13 18 3 2 -255 255
65468 154 130 3 2 -255 -255
65475 10 138 3 2 -255 -255
65475 6 142 3 2 255 -255
65477 5 131 3 2 89 -255
65483 4 11 3 2 -20 -255
65482 3 10 3 2 24 255
65484 2 9 3 2 71 -255
65484 3 9 3 2 121 -255
65483 2 7 3 2 -26 -255
65483 2 6 3 2 124 -121
65484 2 6 3 2 77 -133
65484 1 5 3 2 80 -192
65483 1 5 3 2 183 -101
65484 1 4 3 2 139 -157
65483 2 3 3 2 145 -63
65484 2 3 3 2 51 -16
65484 2 2 3 2 104 -66
65484 2 3 3 2 107 34
65483 2 3 3 2 110 -113
65484 2 4 3 2 113 -63
65484 2 4 3 2 116 -163
65484 2 3 3 2 119 -116
65484 2 3 3 2 122 -19
65482 2 3 3 2 125 -69
65485 3 0 3 2 128 -69
65484 2 0 3 2 31 231
65484 3 0 3 2 181 90
65483 3 1 3 2 34 99
65484 4 1 3 2 84 10
65484 4 2 3 2 -16 64
65483 5 6 3 2 31 -30
65483 5 3 3 2 -72 -255
65484 4 2 3 2 -28 123
65484 5 4 3 2 66 73
65483 5 5 3 2 -87 -174
65484 4 4 3 2 -43 -177
65483 4 4 3 2 51 -33
65484 4 3 3 2 -2 -86
65484 4 4 3 2 -5 11
65484 4 3 3 2 -10 -139
65483 4 2 3 2 -11 10
65483 4 2 3 2 -14 58
65484 4 2 3 2 -17 11
65484 4 2 3 2 -20 14
65484 4 2 3 2 -23 17
65483 4 2 3 2 -26 20
65484 4 3 3 2 -29 23
65484 4 2 3 2 -32 -74
65484 4 3 3 2 -35 76
65483 4 2 3 2 -38 -71
65484 4 2 3 2 -41 79
65483 4 3 3 2 -44 32
65484 4 3 3 2 -47 -65
65483 4 3 3 2 -50 -15
65484 4 2 3 2 -53 -15
65484 4 3 3 2 -56 85
65484 4 2 3 2 -59 -62
65484 4 3 3 2 -62 88
65483 4 2 3 2 -65 -59
65484 4 2 3 2 -68 91
65484 4 2 3 2 -71 44
65483 4 2 3 2 -74 47
65483 4 2 3 2 -77 50
65484 4 2 3 2 -80 53
65484 4 3 3 2 -83 56
65484 3 3 3 2 -86 -41
65484 3 3 3 2 11 10
65483 3 3 3 2 -39 10
65484 3 3 3 2 -39 10
65484 3 3 3 2 -39 10
65484 3 3 3 2 -39 10
65482 3 3 3 2 -39 10
65484 3 3 3 2 -39 10
65484 3 4 3 2 -39 10
65484 3 3 3 2 -39 -91
65484 3 3 3 2 -39 56
65483 3 3 3 2 -39 10
65484 3 4 3 2 -39 10
65484 3 3 3 2 -39 -94
65484 3 3 3 2 -39 53
65483 3 3 3 2 -39 3
65483 3 3 3 2 -39 3
65484 3 3 3 2 -39 3
65484 3 3 3 2 -39 3
65483 3 3 3 2 -39 3
65484 3 3 3 2 -39 3
65484 3 3 3 2 -39 3
65484 3 3 3 2 -39 3
65484 3 3 3 2 -39 3
65483 3 3 3 2 -39 3
65484 3 3 3 2 -39 3
65484 3 3 3 2 -39 3
65484 3 3 3 2 -39 3
65483 3 3 3 2 -39 3
65484 3 3 3 2 -39 3
65484 3 3 3 2 -39 3
65484 3 3 3 2 -39 3
65484 3 3 3 2 -39 3
65483 3 3 3 2 -39 3
65484 3 3 3 2 -39 3
65484 3 3 3 2 -39 3
65483 3 5 3 2 -39 3
65483 3 3 3 2 -39 -197
65484 3 6 3 2 -39 97
65484 3 5 3 2 -39 -255
65484 3 2 3 2 -39 -53
65484 3 3 3 2 -39 191
65483 3 2 3 2 -39 -56
65484 3 2 3 2 -39 94
65484 3 2 3 2 -39 47
65484 3 2 3 2 -39 50
65483 3 2 3 2 -39 53
65483 3 3 3 2 -39 56
65484 3 3 3 2 -39 -41
65484 3 7 10 2 -39 10
65483 3 5 10 2 255 255
65483 4 1 10 2 255 255
65484 4 2 10 2 211 255
65484 6 4 10 2 255 255
65483 8 6 10 2 79 209
65483 9 5 10 2 -10 127
65483 11 10 10 2 -3 255
65483 13 6 10 2 -150 -211
65482 14 10 10 2 -253 255
65482 9 12 10 2 -255 -161
65484 7 7 10 2 255 -161
65483 8 10 10 2 238 255
65483 13 7 10 2 47 -117
65482 7 3 10 2 -255 255
65484 14 0 10 2 255 255
65483 14 0 10 2 -255 255
65484 8 1 10 2 -197 255
65482 7 13 10 2 255 255
65481 8 32 10 2 191 -255
65484 9 8 10 2 50 -255
65483 11 3 10 2 10 255
65482 16 1 10 2 -141 255
65483 16 4 10 2 -255 255
65483 16 3 10 2 -255 183
65483 18 3 10 2 -255 255
65482 18 8 10 2 -255 255
65481 37 11 10 2 -255 -99
65483 7 10 10 2 -255 -143
65483 7 11 10 2 255 104
65483 6 10 10 2 156 -46
65483 7 8 10 2 255 101
65483 6 9 10 2 115 251
65483 10 10 10 2 255 57
65482 11 11 10 2 -176 10
65472 0 12 10 2 -76 -40
65484 8 10 10 2 255 -93
65471 0 15 10 2 -255 151
65476 11 124 10 2 255 -255
65471 0 14 10 2 -255 -255
65483 7 11 10 2 255 255
65483 7 14 10 2 -179 151
65472 0 13 10 2 180 -255
65483 8 7 10 2 255 -52
65483 10 11 10 2 -255 255
65472 191 6 10 2 -61 -211
65483 10 9 10 2 -255 255
65483 7 7 10 2 255 -64
65484 8 6 10 2 255 255
65482 7 9 10 2 89 255
65473 193 6 10 2 245 -61
65483 7 4 10 2 -255 255
65482 9 10 10 2 255 255
65484 9 2 10 2 4 -255
65483 11 4 10 2 107 255
65483 12 7 10 2 -90 242
65482 14 12 10 2 -93 60
65484 11 0 10 2 -249 -255
65482 9 14 10 2 139 255
65483 12 12 10 2 186 -255
65482 11 11 10 2 -211 69
65483 12 12 10 2 33 63
65475 12 141 10 2 -120 -90
65475 9 138 10 2 -76 -255
65483 8 9 10 2 218 -255
65484 10 5 10 2 171 255
65482 10 5 10 2 -73 255
65483 8 6 10 2 27 255
65483 10 6 10 2 227 204
65484 8 6 10 2 -67 255
65483 9 8 10 2 233 255
65482 6 5 10 2 39 66
65484 5 10 10 2 255 255
65483 7 4 10 2 255 -178
65484 9 6 10 2 92 255
65482 5 5 10 2 1 172
65473 10 0 10 2 255 255
65483 6 6 10 2 -196 255
65482 6 10 10 2 255 -16
65475 6 160 10 2 254 -104
65484 4 4 10 2 255 -255
65472 5 0 10 2 255 255
65472 5 0 10 2 255 255
65472 5 0 10 2 255 255
65483 9 6 10 2 255 255
65483 18 7 10 2 -84 -4
65482 13 10 10 2 -255 208
65474 11 173 10 2 169 -33
65482 11 14 10 2 110 -255
65482 12 14 10 2 10 255
65483 12 14 10 2 -96 -83
65482 13 14 10 2 -52 -95
65479 13 89 10 2 -158 -107
65481 12 16 10 2 -117 -255
65483 11 13 10 2 -26 255
65483 11 12 10 2 18 81
65482 13 13 10 2 -35 22
65482 8 9 10 2 -238 -134
65484 8 7 10 2 255 255
65483 7 4 10 2 103 255
65472 5 0 10 2 209 255
65473 4 0 10 2 255 255
65483 5 3 10 2 255 255
65473 180 5 10 2 218 255
65484 8 6 10 2 -255 207
65483 10 8 10 2 255 222
65482 7 11 10 2 -67 84
65483 7 7 10 2 255 -110
65474 5 187 10 2 183 255
65472 5 191 10 2 255 -255
65483 8 10 10 2 255 -255
65483 5 6 10 2 -10 255
65484 6 3 10 2 255 255
65482 7 4 10 2 198 255
65484 8 5 10 2 160 255
65483 8 7 10 2 119 255
65483 8 13 10 2 175 137
65482 12 11 10 2 181 -255
65472 9 197 10 2 -213 146
65483 8 10 10 2 255 -255
65483 8 6 10 2 231 255
65472 8 199 10 2 187 255
65483 9 9 10 2 193 -255
65483 7 6 10 2 99 255
65483 8 8 10 2 255 255
65473 7 0 10 2 152 93
65482 7 11 10 2 255 255
65483 7 8 10 2 255 -255
65484 7 8 10 2 255 255
65483 7 10 10 2 255 199
65482 7 8 10 2 255 5
65483 12 9 10 2 255 255
65483 12 12 10 2 -242 105
65481 13 30 10 2 2 -142
65472 0 11 10 2 -104 -255
65481 47 12 10 2 255 255
65482 14 11 10 2 -255 -48
65482 14 11 10 2 255 96
65479 80 13 10 2 -113 43
65483 14 12 10 2 -255 -160
65481 14 11 10 2 255 31
65472 0 11 10 2 -125 75
65481 45 11 10 2 255 22
65480 44 11 10 2 -255 19
65483 14 12 10 2 -255 16
65483 15 11 10 2 255 -87
65483 12 11 10 2 -237 57
65481 14 11 10 2 98 4
65482 10 29 10 2 -255 1
65483 9 6 10 2 242 -255
65472 0 6 10 2 142 255
65484 7 4 10 2 255 248
65483 8 3 10 2 -155 255
65484 8 3 10 2 104 255
65482 8 3 10 2 160 255
65478 107 4 10 2 166 255
65472 0 7 10 2 -255 255
65483 7 7 10 2 255 60
65483 9 11 10 2 -128 219
65483 7 13 10 2 31 -172
65482 11 11 10 2 255 -175
65483 8 11 10 2 -166 116
65483 9 12 10 2 255 13
65483 8 11 10 2 81 -90
65483 9 11 10 2 234 54
65471 0 11 10 2 90 1
65483 13 11 10 2 255 -2
65482 17 12 10 2 -255 -5
65483 12 11 10 2 -255 -108
65482 16 11 10 2 243 36
65483 18 11 10 2 -255 -17
65481 12 9 10 2 -255 -20
65484 10 8 10 2 255 177
65482 12 10 10 2 187 180
65484 6 8 10 2 -113 -64
65482 5 5 10 2 255 236
65483 8 14 10 2 255 255
65483 8 11 10 2 31 -255
65473 9 0 10 2 187 142
65482 5 5 10 2 93 255
65484 5 5 10 2 255 39
65484 6 4 10 2 255 255
65481 54 3 10 2 246 255
65482 6 4 10 2 -255 255
65484 5 3 10 2 255 255
65483 4 10 10 2 255 255
65483 5 13 10 2 255 -255
65472 0 3 10 2 255 -246
65481 58 3 10 2 255 255
65483 5 5 10 2 -255 255
65469 56 0 10 2 255 195
65484 5 3 10 2 -255 255
65479 60 4 10 2 255 255
65484 8 4 10 2 -255 255
65483 6 5 10 2 255 255
65484 5 5 10 2 255 255
65482 8 8 10 2 255 255
65483 9 10 10 2 58 10
