                                                          
65481 17 16 30 0 0 0                                                            
65483 17 16 30 0 0 0                                                            
65482 16 16 30 0 0 0                                                            
65482 17 16 30 0 0 0                                                            
65482 16 16 30 0 0 0                                                            
65482 17 17 30 4 0 0                                                            
65482 16 14 30 4 -232 -168                                                      
65483 16 14 30 4 -247 -153                                                      
65482 16 5 30 4 -247 -153                                                       
65482 16 15 30 4 -126 -97                                                       
65483 17 7 30 4 -241 -159                                                       
65482 17 5 30 4 -136 -105                                                       
65482 17 5 30 4 -120 -93                                                        
65482 18 19 30 4 -120 -93                                                       
65482 17 20 30 4 -223 -177                                                      
65481 18 21 30 4 -213 -187                                                      
65482 18 21 30 4 -211 -189                                                      
65482 18 22 30 4 -211 -189                                                      
65482 19 23 30 4 -205 -195                                                      
65480 19 23 30 4 -202 -198                                                      
65482 20 25 30 4 -202 -198                                                      
65481 21 24 30 4 -194 -252                                                      
65481 22 24 30 4 -203 -197                                                      
65481 24 24 30 4 -207 -193                                                      
65482 24 24 30 4 -215 -185                                                      
65481 24 25 30 4 -215 -185                                                      
65480 24 26 30 4 -208 -192                                                      
65481 24 27 30 4 -202 -198                                                      
65481 25 27 30 4 -197 -203                                                      
65480 26 29 30 4 -200 -200                                                      
65481 27 30 30 4 -192 -208                                                      
65481 28 30 30 4 -189 -211                                                      
65481 29 32 30 4 -193 -207                                                      
65478 30 61 30 4 -184 -216                                                      
65479 54 32 30 4 -60 -60                                                        
65480 32 30 30 4 -159 -123                                                      
65479 57 31 30 4 -207 -193                                                      
65480 33 31 30 4 -136 -105                                                      
65480 32 31 30 4 -205 -195                                                      
65480 30 32 30 4 -201 -199                                                      
65481 30 33 30 4 -188 -212                                                      
65482 31 6 30 4 -182 -218                                                       
65479 31 34 30 4 -61 -60                                                        
65480 31 35 30 4 -179 -221                                                      
65480 32 38 30 4 -173 -227                                                      
65480 33 37 30 4 -158 -205                                                      
65480 34 37 30 4 -168 -232                                                      
65480 35 36 30 4 -172 -228                                                      
65479 37 37 30 4 -182 -218                                                      
65480 36 38 30 4 -183 -217                                                      
65480 36 38 30 4 -173 -227                                                      
65478 37 38 30 4 -173 -227                                                      
65480 37 38 30 4 -177 -223                                                      
65480 37 38 30 4 -177 -223                                                      
65480 37 38 30 4 -177 -223                                                      
65479 37 38 30 4 -177 -223                                                      
65480 38 39 30 4 -177 -223                                                      
65479 37 39 30 4 -174 -226                                                      
65479 38 39 30 4 -170 -230                                                      
65480 38 39 30 4 -174 -226                                                      
65480 38 39 30 4 -174 -226                                                      
65479 38 33 30 4 -174 -226                                                      
65480 39 33 30 4 -245 -189                                                      
65480 39 34 30 4 -240 -185                                                      
65479 39 33 30 4 -249 -192                                                      
65479 39 36 30 4 -240 -185                                                      
65480 39 40 30 4 -197 -203                                                      
65479 39 40 30 4 -172 -228                                                      
65479 40 41 30 4 -172 -228                                                      
65480 40 41 30 4 -169 -231                                                      
65478 40 40 30 4 -169 -231                                                      
65480 40 41 30 4 -175 -225                                                      
65480 40 36 30 4 -169 -231                                                      
65478 40 38 30 4 -200 -200                                                      
65480 40 39 30 4 -188 -212                                                      
65480 40 37 30 4 -182 -218                                                      
65478 41 42 30 4 -194 -206                                                      
65480 41 35 30 4 -167 -233                                                      
65480 41 36 30 4 -246 -190                                                      
65478 41 42 30 4 -256 -197                                                      
65480 41 37 30 4 -167 -233                                                      
65479 41 37 30 4 -198 -202                                                      
65479 41 41 30 4 -198 -202                                                      
65479 42 39 30 4 -173 -227                                                      
65480 44 35 30 4 -189 -211                                                      
65478 43 45 30 4 -232 -179                                                      
65479 45 44 30 4 -155 -245                                                      
65479 44 43 30 4 -169 -231                                                      
65479 43 41 30 4 -172 -228                                                      
65479 42 42 30 4 -180 -220                                                      
65479 42 42 30 4 -170 -230                                                      
65479 41 36 30 4 -170 -230                                                      
65480 41 36 30 4 -256 -197                                                      
65480 41 35 30 4 -256 -197                                                      
65478 41 40 50 4 -246 -190                                                      
65480 41 38 50 4 -228 -172                                                      
65479 41 41 50 4 -241 -159                                                      
65479 41 41 50 4 -222 -178                                                      
65479 41 41 50 4 -222 -178                                                      
65480 41 40 50 4 -222 -178                                                      
65478 41 43 50 4 -228 -172                                                      
65479 40 42 50 4 -210 -190                                                      
65480 41 36 50 4 -212 -188                                                      
65479 41 35 50 4 -191 -147                                                      
65480 41 37 50 4 -182 -140                                                      
65479 41 42 50 4 -247 -153                                                      
65478 41 43 50 4 -216 -184                                                      
65480 42 43 50 4 -210 -190                                                      
65479 42 43 50 4 -213 -187                                                      
65478 42 43 50 4 -213 -187                                                      
65480 42 44 50 4 -213 -187                                                      
65479 42 44 50 4 -207 -193                                                      
65478 43 45 50 4 -207 -193                                                      
65479 43 45 50 4 -205 -195                                                      
65479 44 45 50 4 -205 -195                                                      
65478 44 46 50 4 -208 -192                                                      
65479 44 46 50 4 -202 -198                                                      
65479 45 47 50 4 -202 -198                                                      
65478 45 47 50 4 -200 -200                                                      
65479 46 47 50 4 -200 -200                                                      
65479 46 48 50 4 -203 -197                                                      
65477 46 48 50 4 -198 -202                                                      
65479 47 48 50 4 -198 -202                                                      
65479 47 49 50 4 -201 -199                                                      
65477 47 49 50 4 -195 -205                                                      
65479 48 50 50 4 -195 -205                                                      
65481 48 6 50 4 -193 -207                                                       
65478 48 50 50 4 87 67                                                          
65478 48 50 50 4 -193 -207                                                      
65478 50 50 50 4 -193 -207                                                      
65478 49 50 50 4 -200 -200                                                      
65479 50 51 50 4 -197 -203                                                      
65477 51 52 50 4 -194 -206                                                      
65478 50 52 50 4 -192 -208                                                      
65479 51 52 50 4 -188 -212                                                      
65477 51 52 50 4 -192 -208                                                      
65478 51 53 50 4 -192 -208                                                      
65478 51 53 50 4 -185 -215                                                      
65478 52 52 50 4 -185 -215                                                      
65480 52 6 50 4 -195 -205                                                       
65479 52 53 50 4 106 82                                                         
65477 53 55 50 4 -189 -211                                                      
65478 52 54 50 4 -180 -220                                                      
65477 53 53 50 4 -183 -217                                                      
65478 53 52 50 4 -193 -207                                                      
65478 53 53 50 4 -199 -201                                                      
65478 54 53 50 4 -193 -207                                                      
65477 55 54 30 4 -197 -203                                                      
65478 55 53 30 4 -144 -256                                                      
65477 55 53 30 4 -150 -250                                                      
65478 56 52 30 4 -150 -250                                                      
65478 56 52 30 4 -160 -240                                                      
65477 57 51 30 4 -160 -240                                                      
65476 105 51 30 4 -299 -230                                                     
65477 53 50 30 4 -65 -60                                                        
65478 53 50 30 4 -162 -238                                                      
65479 52 49 30 4 -162 -238                                                      
65477 51 49 30 4 -164 -236                                                      
65479 51 48 30 4 -160 -240                                                      
65478 51 47 30 4 -167 -233                                                      
65478 50 47 30 4 -173 -227                                                      
65479 49 46 30 4 -169 -231                                                      
65478 48 45 30 4 -172 -228                                                      
65478 48 44 30 4 -174 -226                                                      
65479 48 43 30 4 -180 -220                                                      
65479 46 43 30 4 -276 -213                                                      
65479 45 42 30 4 -179 -221                                                      
65479 45 41 30 4 -182 -218                                                      
65479 44 41 30 4 -188 -212                                                      
65478 43 42 30 4 -184 -216                                                      
65480 42 40 30 4 -174 -226                                                      
65478 42 38 30 4 -183 -217                                                      
65480 41 37 30 4 -195 -205                                                      
65480 40 36 30 4 -198 -202                                                      
65480 41 34 30 4 -200 -200                                                      
65479 40 33 30 4 -239 -184                                                      
65480 38 32 30 4 -236 -182                                                      
65480 36 31 30 4 -237 -183                                                      
65479 35 31 30 4 -239 -184                                                      
65481 34 30 30 4 -212 -188                                                      
65480 33 29 30 4 -215 -185                                                      
65480 32 29 30 4 -217 -183                                                      
65481 31 28 30 4 -213 -187                                                      
65481 30 27 30 4 -216 -184                                                      
65480 29 26 30 4 -218 -182                                                      
65481 29 25 30 4 -221 -179                                                      
65481 28 24 30 4 -227 -173                                                      
65481 27 24 30 4 -230 -170                                                      
65480 27 24 30 4 -226 -174                                                      
65481 27 23 30 4 -226 -174                                                      
65481 26 24 30 4 -232 -168                                                      
65481 24 23 30 4 -222 -178                                                      
65481 24 22 30 4 -221 -179                                                      
65482 24 22 30 4 -227 -173                                                      
65481 24 21 30 4 -227 -173                                                      
65481 24 21 30 4 -233 -167                                                      
65481 24 21 30 0 -233 -167                                                      
65482 23 11 30 0 0 0                                                            
65481 22 20 30 0 0 0                                                            
65482 22 20 30 0 0 0                                                            
65482 22 20 30 0 0 0                                                            
65482 22 20 30 0 0 0                                                            
65481 22 20 30 0 0 0                                                            
65482 21 20 30 0 0 0                                                            
65482 22 20 30 0 0 0                                                            
65482 22 20 30 0 0 0                                                            

