65479 30 31 30 0 0 0                                                            
65481 30 30 30 0 0 0                                                            
65481 30 31 30 0 0 0                                                            
65481 30 30 30 0 0 0                                                            
65480 30 31 30 0 0 0                                                            
65481 30 31 30 0 0 0                                                            
65481 30 31 30 0 0 0                                                            
65480 30 31 30 0 0 0                                                            
65480 30 30 30 0 0 0                                                            
65481 30 31 30 0 0 0                                                            
65480 30 30 30 0 0 0                                                            
65481 30 31 30 0 0 0                                                            
65481 30 31 30 0 0 0                                                            
65481 30 31 30 0 0 0                                                            
65480 30 31 30 0 0 0                                                            
65480 30 31 30 0 0 0                                                            
65481 30 30 30 0 0 0                                                            
65480 30 30 30 0 0 0                                                            
65481 30 31 30 0 0 0                                                            
65481 30 31 30 0 0 0                                                            
65480 30 30 30 0 0 0                                                            
65481 30 30 30 0 0 0                                                            
65481 30 31 30 0 0 0                                                            
65481 30 30 30 0 0 0                                                            
65479 30 31 30 0 0 0                                                            
65481 30 30 30 0 0 0                                                            
65481 30 30 30 0 0 0                                                            
65480 30 31 30 0 0 0                                                            
65481 30 30 30 0 0 0                                                            
65481 30 30 30 0 0 0                                                            
65480 30 30 30 0 0 0                                                            
65481 30 31 30 0 0 0                                                            
65480 30 31 30 0 0 0                                                            
65481 30 31 30 0 0 0                                                            
65480 30 30 30 0 0 0                                                            
65481 30 30 30 0 0 0                                                            
65481 30 31 30 0 0 0                                                            
65480 30 31 30 0 0 0                                                            
65481 30 30 30 0 0 0                                                            
65481 30 31 30 0 0 0                                                            
65479 30 30 30 0 0 0                                                            
65481 30 31 30 0 0 0                                                            
65481 30 30 30 0 0 0                                                            
65481 30 30 30 0 0 0                                                            
65480 30 31 30 0 0 0                                                            
65481 30 30 30 0 0 0                                                            
65481 30 30 30 0 0 0                                                            
65480 30 31 30 0 0 0                                                            
65480 30 31 30 0 0 0                                                            
65481 30 30 30 0 0 0                                                            
65480 30 31 30 0 0 0                                                            
65481 30 31 30 0 0 0                                                            
65481 30 31 30 0 0 0                                                            
65481 30 31 30 0 0 0                                                            
65480 30 31 30 0 0 0                                                            
65480 30 31 30 0 0 0                                                            
65481 30 31 30 0 0 0                                                            
65480 30 30 30 0 0 0                                                            
65481 30 30 30 0 0 0                                                            
65481 30 30 30 0 0 0                                                            
65480 30 31 30 0 0 0                                                            
65481 30 31 30 0 0 0                                                            
65481 30 31 30 0 0 0                                                            
65480 30 31 30 0 0 0                                                            
65480 30 31 30 0 0 0                                                            
65481 30 31 30 0 0 0                                                            
65481 30 30 30 0 0 0                                                            
65480 30 30 30 0 0 0                                                            
65481 30 31 30 0 0 0                                                            
65481 30 31 30 0 0 0                                                            
65481 30 31 30 0 0 0                                                            
65479 30 31 30 0 0 0                                                            
65481 30 30 30 0 0 0                                                            
65481 30 31 30 0 0 0                                                            
65480 30 31 30 0 0 0                                                            
65481 30 30 30 0 0 0                                                            
65481 30 31 30 0 0 0                                                            
65480 30 31 30 0 0 0                                                            
65481 30 31 30 0 0 0                                                            
65480 30 31 30 0 0 0                                                            
65481 30 30 30 0 0 0                                                            
65480 30 31 30 0 0 0                                                            
65481 30 31 30 0 0 0                                                            
65481 30 30 30 0 0 0                                                            
65480 30 31 30 0 0 0                                                            
65481 30 31 30 0 0 0                                                            
65480 30 31 30 0 0 0                                                            
65480 30 31 30 0 0 0                                                            
65481 30 30 30 0 0 0                                                            
65481 30 31 30 0 0 0                                                            
65481 30 30 30 0 0 0                                                            
65480 30 31 30 0 0 0                                                            
65481 30 31 30 0 0 0                                                            
65481 30 30 30 0 0 0                                                            
65479 30 30 30 0 0 0                                                            
65481 30 31 30 0 0 0                                                            
65481 30 31 30 0 0 0                                                            
65480 30 31 30 0 0 0                                                            
65481 30 31 30 0 0 0                                                            
65481 30 30 30 0 0 0                                                            
65481 30 31 30 0 0 0                                                            
65480 30 31 30 0 0 0                                                            
65480 30 31 30 0 0 0                                                            
65481 30 30 30 0 0 0                                                            
65480 30 31 30 0 0 0                                                            
65481 30 31 30 0 0 0                                                            
65481 30 30 30 0 0 0                                                            
65480 30 30 30 0 0 0                                                            
65481 30 31 30 0 0 0                                                            
65481 30 30 30 0 0 0                                                            
65480 30 30 30 0 0 0                                                            
65480 30 31 30 0 0 0                                                            
65481 30 31 30 0 0 0                                                            
65481 30 31 30 0 0 0                                                            
65480 30 30 30 0 0 0                                                            
65481 30 31 30 0 0 0                                                            
65481 30 31 30 0 0 0                                                            
65480 30 31 30 0 0 0                                                            
65480 30 31 30 0 0 0                                                            
65481 30 30 30 0 0 0                                                            
65481 30 31 30 0 0 0                                                            
65480 30 31 30 0 0 0                                                            
65481 30 31 30 0 0 0                                                            
65481 30 31 30 0 0 0                                                            
65480 30 30 30 0 0 0                                                            
65480 30 30 30 0 0 0                                                            
65481 30 31 30 0 0 0                                                            
65480 30 30 30 0 0 0                                                            
65481 30 30 30 0 0 0                                                            
65481 30 30 30 0 0 0                                                            
65481 30 31 30 0 0 0                                                            
65480 30 31 30 0 0 0                                                            
65481 30 31 30 0 0 0                                                            
65481 30 30 30 0 0 0                                                            
65479 30 31 30 0 0 0                                                            
65481 30 30 30 0 0 0                                                            
65481 30 30 30 0 0 0                                                            
65480 30 30 30 0 0 0                                                            
65481 30 31 30 0 0 0                                                            
65481 30 31 30 0 0 0                                                            
65481 30 31 30 0 0 0                                                            
65479 30 31 30 0 0 0                                                            
65481 30 31 30 0 0 0                                                            
65481 30 31 30 0 0 0                                                            
65480 30 31 30 0 0 0                                                            
65481 30 31 30 0 0 0                                                            
65481 30 31 30 0 0 0                                                            
65480 30 30 30 0 0 0                                                            
65481 30 30 30 0 0 0                                                            
65480 30 31 30 0 0 0                                                            
65483 30 5 30 0 0 0                                                             
65480 30 31 30 0 0 0                                                            
65480 30 30 30 0 0 0                                                            
65481 30 30 30 0 0 0                                                            
65482 30 5 30 0 0 0                                                             
65481 30 31 30 0 0 0                                                            
65480 30 31 30 0 0 0                                                            
65481 30 31 30 0 0 0                                                            
65480 30 31 30 0 0 0                                                            
65481 30 31 30 0 0 0                                                            
65481 30 30 30 0 0 0                                                            
65480 30 31 30 0 0 0                                                            
65481 30 31 30 0 0 0                                                            
65480 30 30 30 0 0 0                                                            
65480 30 31 30 0 0 0                                                            
65481 30 30 30 0 0 0                                                            
65481 30 31 30 0 0 0                                                            
65481 30 31 30 0 0 0                                                            
65480 30 31 30 0 0 0                                                            
65481 30 31 30 0 0 0                                                            
65481 30 30 30 0 0 0                                                            
65479 30 31 30 0 0 0                                                            
65481 30 31 30 0 0 0                                                            
65481 30 31 30 0 0 0                                                            
65480 30 30 30 0 0 0                                                            
65481 30 31 30 0 0 0                                                            
65481 30 30 30 0 0 0                                                            
65481 30 30 30 0 0 0                                                            
65480 30 31 30 0 0 0                                                            
65480 30 31 30 0 0 0                                                            
65481 30 31 30 0 0 0                                                            
65480 30 31 30 0 0 0                                                            
65481 30 31 30 0 0 0                                                            
65481 30 30 30 0 0 0                                                            
65480 30 30 30 0 0 0                                                            
65480 30 31 30 0 0 0                                                            
65481 30 30 30 0 0 0                                                            
65481 30 30 30 0 0 0                                                            
65480 30 30 30 0 0 0                                                            
65481 30 31 30 0 0 0                                                            
65481 30 30 30 0 0 0                                                            
65480 30 30 30 0 0 0                                                            
65481 30 30 30 0 0 0                                                            
65481 30 30 30 0 0 0                                                            
65479 30 30 30 0 0 0                                                            
65481 30 31 30 0 0 0                                                            
65481 30 31 30 0 0 0                                                            
65481 30 31 30 0 0 0                                                            
65480 30 30 30 0 0 0                                                            
65481 30 31 30 0 0 0                                                            
65481 30 31 30 0 0 0                                                            
65480 30 30 30 0 0 0                                                            
65480 30 31 30 0 0 0                                                            
65481 30 31 30 0 0 0                                                            
65480 30 30 30 0 0 0                                                            
65481 30 31 30 0 0 0                                                            
65481 30 30 30 0 0 0                                                            
65481 30 31 30 0 0 0                                                            
65480 30 31 30 0 0 0                                                            
65481 30 31 30 0 0 0                                                            
65480 30 30 30 0 0 0                                                            
65482 30 6 30 0 0 0                                                             
65481 30 30 30 0 0 0                                                            
65480 30 31 30 0 0 0                                                            
65481 30 31 30 0 0 0                                                            
65480 30 31 30 0 0 0                                                            
65481 30 30 30 0 0 0                                                            
65481 30 30 30 0 0 0                                                            
65480 30 31 30 0 0 0                                                            
65481 30 30 30 0 0 0                                                            
65480 30 30 30 0 0 0                                                            
65480 30 30 30 0 0 0                                                            
65481 30 30 30 0 0 0                                                            
65481 30 31 30 0 0 0                                                            
65481 30 30 30 0 0 0                                                            
65480 30 31 30 0 0 0                                                            
65481 30 31 30 0 0 0                                                            
65481 30 31 30 0 0 0                                                            
65479 30 30 30 0 0 0                                                            
65481 30 31 30 0 0 0                                                            
65481 30 30 30 0 0 0                                                            
65480 30 30 30 0 0 0                                                            
65481 30 30 30 0 0 0                                                            
65481 30 30 30 0 0 0                                                            
65481 30 30 30 0 0 0                                                            
65480 30 30 30 0 0 0                                                            
65480 30 30 30 0 0 0                                                            
65481 30 30 30 0 0 0                                                            
65480 30 30 30 0 0 0                                                            
65481 30 31 30 0 0 0                                                            
65481 30 30 30 0 0 0                                                            
65480 30 30 30 0 0 0                                                            
65482 30 5 30 2 0 0                                                             
65481 30 30 30 2 0 100                                                          
65481 30 31 30 2 0 0                                                            
65480 31 30 30 2 0 -100                                                         
65480 30 30 30 2 -100 0                                                         
65481 30 31 30 2 0 0                                                            
65480 30 31 30 2 0 -100                                                         
65481 30 31 30 2 0 -100                                                         
65481 30 31 30 2 0 -100                                                         
65479 30 31 30 2 0 -100                                                         
65481 30 31 30 2 0 -100                                                         
65481 30 30 30 2 0 -100                                                         
65481 30 30 30 2 0 0                                                            
65480 30 31 30 2 0 0                                                            
65480 30 31 30 2 0 -100                                                         
65481 30 30 30 2 0 -100                                                         
65480 30 31 30 2 0 0                                                            
65481 30 31 30 2 0 -100                                                         
65481 30 30 30 2 0 -100                                                         
65479 30 31 30 2 0 0                                                            
65481 30 30 30 2 0 -100                                                         
65481 30 31 30 2 0 0                                                            
65481 30 31 30 2 0 -100                                                         
65480 30 31 30 2 0 -100                                                         
65481 30 31 30 2 0 -100                                                         
65480 30 31 30 2 0 -100                                                         
65480 30 31 30 2 0 -100                                                         
65481 30 31 30 2 0 -100                                                         
65481 30 31 30 2 0 -100                                                         
65479 30 30 30 2 0 -100                                                         
65481 30 31 30 2 0 0                                                            
65481 30 31 30 2 0 -100                                                         
65481 30 31 30 2 0 -100                                                         
65480 30 31 30 2 0 -100                                                         
65480 30 31 30 2 0 -100                                                         
65481 30 31 30 2 0 -100                                                         
65480 30 31 30 2 0 -100                                                         
65481 30 31 30 2 0 -100                                                         
65480 30 31 30 2 0 -100                                                         
65480 30 31 30 2 0 -100                                                         
65481 30 30 30 2 0 -100                                                         
65481 30 31 30 2 0 0                                                            
65481 30 31 30 2 0 -100                                                         
65479 30 31 30 2 0 -100                                                         
65481 30 31 30 2 0 -100                                                         
65481 30 30 30 2 0 -100                                                         
65480 30 31 30 2 0 0                                                            
65481 30 31 30 2 0 -100                                                         
65480 30 30 30 2 0 -100                                                         
65480 30 31 30 2 0 0                                                            
65481 30 31 30 2 0 -100                                                         
65481 30 30 30 2 0 -100                                                         
65480 30 31 30 2 0 0                                                            
65480 30 31 30 2 0 -100                                                         
65481 30 31 30 2 0 -100                                                         
65481 30 30 30 2 0 -100                                                         
65480 30 31 30 2 0 0                                                            
65481 30 31 30 2 0 -100                                                         
65480 30 30 30 2 0 -100                                                         
65480 30 31 30 2 0 0                                                            
65481 30 30 30 2 0 -100                                                         
65481 30 30 30 2 0 0                                                            
65481 30 31 30 2 0 0                                                            
65479 30 31 30 2 0 -100                                                         
65481 30 30 30 2 0 -100                                                         
65481 30 31 30 2 0 0                                                            
65480 30 31 30 2 0 -100                                                         
65480 30 30 50 2 0 -100                                                         
65481 30 31 50 2 100 100                                                        
65480 30 30 50 2 100 100                                                        
65481 30 31 50 2 100 100                                                        
65480 31 31 50 2 100 100                                                        
65481 31 32 50 2 100 100                                                        
65479 32 33 50 2 100 100                                                        
65481 32 33 50 2 100 100                                                        
65480 33 32 50 2 100 100                                                        
65480 34 29 50 2 100 100                                                        
65480 35 29 50 2 100 100                                                        
65480 36 34 50 2 100 100                                                        
65479 36 35 50 2 100 100                                                        
65480 37 37 50 2 100 100                                                        
65480 38 37 50 2 100 100                                                        
65479 38 38 50 2 100 100                                                        
65480 39 39 50 2 100 100                                                        
65479 40 39 50 2 100 100                                                        
65479 41 40 50 2 100 100                                                        
65479 41 40 50 2 100 100                                                        
65480 42 42 50 2 100 100                                                        
65478 43 39 50 2 100 100                                                        
65480 44 38 50 2 100 100                                                        
65479 44 38 50 2 100 100                                                        
65479 45 39 50 2 100 100                                                        
65479 46 42 50 2 100 100                                                        
65479 47 45 50 2 100 100                                                        
65478 47 46 50 2 100 100                                                        
65478 48 47 50 2 100 100                                                        
65479 49 47 50 2 100 100                                                        
65478 49 48 50 2 100 100                                                        
65478 51 49 50 2 100 100                                                        
65479 51 50 50 2 -100 100                                                       
65477 51 50 50 2 -100 0                                                         
65479 51 49 50 2 -100 0                                                         
65478 51 49 50 2 -100 100                                                       
65478 50 46 50 2 -100 100                                                       
65478 50 49 50 2 0 100                                                          
65478 50 48 50 2 0 100                                                          
65479 50 49 50 2 0 100                                                          
65478 50 48 50 2 0 100                                                          
65478 50 49 50 2 0 100                                                          
65479 50 50 50 2 0 100                                                          
65478 50 50 50 2 0 0                                                            
65478 50 50 50 2 0 0                                                            
65479 50 50 50 2 0 0                                                            
65478 50 49 50 2 0 0                                                            
65478 50 50 50 2 0 100                                                          
65478 50 50 50 2 0 0                                                            
65479 50 49 50 2 0 0                                                            
65478 50 46 50 2 0 100                                                          
65479 50 45 50 2 0 100                                                          
65479 50 46 50 2 0 100                                                          
65477 50 46 50 2 0 100                                                          
65479 50 46 50 2 0 100                                                          
65478 50 47 50 2 0 100                                                          
65479 50 46 50 2 0 100                                                          
65479 50 46 50 2 0 100                                                          
65478 50 45 50 2 0 100                                                          
65478 50 45 50 2 0 100                                                          
65479 51 45 50 2 0 100                                                          
65478 50 45 50 2 -100 100                                                       
65479 50 47 50 2 0 100                                                          
65478 50 46 50 2 0 100                                                          
65478 50 46 50 2 0 100                                                          
65479 50 46 50 2 0 100                                                          
65479 50 47 50 2 0 100                                                          
65478 50 46 50 2 0 100                                                          
65478 50 46 50 2 0 100                                                          
65479 50 45 50 2 0 100                                                          
65478 50 46 50 2 0 100                                                          
65479 50 46 50 2 0 100                                                          
65479 50 46 50 2 0 100                                                          
65477 50 45 50 2 0 100                                                          
65479 50 46 50 2 0 100                                                          
65479 50 46 50 2 0 100                                                          
65478 50 46 50 2 0 100                                                          
65479 50 46 50 2 0 100                                                          
65477 50 46 50 2 0 100                                                          
65479 50 45 50 2 0 100                                                          
65479 50 46 50 2 0 100                                                          
65478 50 46 50 2 0 100                                                          
65479 50 46 50 2 0 100                                                          
65478 50 46 50 2 0 100                                                          
65478 50 46 50 2 0 100                                                          
65479 50 46 50 2 0 100                                                          
65479 50 46 50 2 0 100                                                          
65477 50 46 50 2 0 100                                                          
65479 50 45 50 2 0 100                                                          
65479 50 46 50 2 0 100                                                          
65478 50 46 50 2 0 100                                                          
65479 50 46 50 2 0 100                                                          
65478 50 45 50 2 0 100                                                          
65478 50 46 50 2 0 100                                                          
65479 50 46 30 2 0 100                                                          
65479 50 45 30 2 -100 -100                                                      
65477 50 45 30 2 -100 -100                                                      
65479 50 45 30 2 -100 -100                                                      
65481 49 5 30 2 -100 -100                                                       
65478 49 50 30 2 -100 100                                                       
65478 49 49 30 2 -100 -100                                                      
65478 49 49 30 2 -100 -100                                                      
65478 49 50 30 2 -100 -100                                                      
65479 48 50 30 2 -100 -100                                                      
65478 49 49 30 2 -100 -100                                                      
65478 49 50 30 2 -100 -100                                                      
65479 48 50 30 2 -100 -100                                                      
65477 49 50 30 2 -100 -100                                                      
65481 49 7 30 2 -100 -100                                                       
65479 49 50 30 2 -100 100                                                       
65477 48 50 30 2 -100 -100                                                      
65479 49 49 30 2 -100 -100                                                      
65479 48 50 30 2 -100 -100                                                      
65477 48 50 30 2 -100 -100                                                      
65479 48 49 30 2 -100 -100                                                      
65478 49 50 30 2 -100 -100                                                      
65478 48 49 30 2 -100 -100                                                      
65479 48 50 30 2 -100 -100                                                      
65478 48 50 30 2 -100 -100                                                      
65478 48 50 30 2 -100 -100                                                      
65478 48 50 30 2 -100 -100                                                      
65478 48 49 30 2 -100 -100                                                      
65479 48 50 30 2 -100 -100                                                      
65478 48 50 30 2 -100 -100                                                      
65478 48 50 30 2 -100 -100                                                      
65478 48 50 30 2 -100 -100                                                      
65479 48 50 30 2 -100 -100                                                      
65478 49 50 30 2 -100 -100                                                      
65478 48 50 30 2 -100 -100                                                      
65479 48 50 30 2 -100 -100                                                      
65477 49 49 30 2 -100 -100                                                      
65479 49 50 30 2 -100 -100                                                      
65478 48 50 30 2 -100 -100                                                      
65478 48 49 30 2 -100 -100                                                      
65479 48 50 30 2 -100 -100                                                      
65477 48 49 30 2 -100 -100                                                      
65479 48 50 30 2 -100 -100                                                      
65478 48 50 30 2 -100 -100                                                      
65478 48 49 30 2 -100 -100                                                      
65479 48 50 30 2 -100 -100                                                      
65478 49 50 30 2 -100 -100                                                      
65478 48 49 30 2 -100 -100                                                      
65478 48 50 30 2 -100 -100                                                      
65479 48 50 30 2 -100 -100                                                      
65477 48 49 30 2 -100 -100                                                      
65479 48 49 30 2 -100 -100                                                      
65479 48 50 30 2 -100 -100                                                      
65477 48 50 30 2 -100 -100                                                      
65479 48 49 30 2 -100 -100                                                      
65478 49 50 30 2 -100 -100                                                      
65478 48 50 30 2 -100 -100                                                      
65479 48 50 30 2 -100 -100                                                      
65477 48 50 30 2 -100 -100                                                      
65479 48 50 30 2 -100 -100                                                      
65478 48 50 30 2 -100 -100                                                      
65478 48 50 30 2 -100 -100                                                      
65478 48 50 30 2 -100 -100                                                      
65479 48 50 30 2 -100 -100                                                      
65478 48 49 30 2 -100 -100                                                      
65478 48 50 30 2 -100 -100                                                      
65479 48 50 30 2 -100 -100                                                      
65477 48 50 30 2 -100 -100                                                      
65481 48 6 30 2 -100 -100                                                       
65479 48 49 30 2 -100 100                                                       
65478 48 50 30 2 -100 -100                                                      
65478 48 49 30 2 -100 -100                                                      
65479 48 49 30 2 -100 -100                                                      
65478 48 49 30 2 -100 -100                                                      
65478 48 49 30 2 -100 -100                                                      
65479 48 49 30 2 -100 -100                                                      
65477 48 50 30 2 -100 -100                                                      
65479 48 49 30 2 -100 -100                                                      
65478 48 49 30 2 -100 -100                                                      
65478 48 50 30 2 -100 -100                                                      
65479 48 50 30 2 -100 -100                                                      
65477 48 50 30 2 -100 -100                                                      
65479 48 50 30 2 -100 -100                                                      
65479 48 49 30 2 -100 -100                                                      
65477 48 49 30 2 -100 -100                                                      
65479 48 49 30 2 -100 -100                                                      
65479 48 49 30 2 -100 -100                                                      
65477 48 50 30 2 -100 -100                                                      
65479 49 50 30 2 -100 -100                                                      
65478 48 50 30 2 -100 -100                                                      
65478 48 49 30 2 -100 -100                                                      
65479 48 50 30 2 -100 -100                                                      
65478 49 50 30 2 -100 -100                                                      
65478 48 50 30 2 -100 -100                                                      
65478 48 50 30 0 -100 -100                                                      
65478 48 49 30 0 0 0                                                            
65479 48 49 30 0 0 0                                                            
65479 48 49 30 0 0 0                                                            
65477 48 49 30 0 0 0                                                            
65479 48 50 30 0 0 0                                                            
65479 48 49 30 0 0 0                                                            
65478 48 49 30 0 0 0                                                            
65479 48 49 30 0 0 0                                                            
65478 48 49 30 0 0 0                                                            
65478 48 50 30 0 0 0                                                            
65479 48 50 30 0 0 0                                                            
65479 48 50 30 0 0 0                                                            
65478 48 49 30 0 0 0                                                            
65479 48 50 30 0 0 0                                                            
65478 48 50 30 0 0 0                                                            
65478 48 50 30 0 0 0                                                            
65479 48 49 30 0 0 0                                                            
65479 48 50 30 0 0 0                                                            
65478 48 50 30 0 0 0                                                            
65478 48 49 30 0 0 0                                                            
65478 48 49 30 0 0 0                                                            
65479 48 49 30 0 0 0                                                            
65479 48 49 30 0 0 0                                                            
65478 48 49 30 0 0 0                                                            
65478 48 50 30 0 0 0                                                            
65479 48 49 30 0 0 0                                                            
65478 48 49 30 0 0 0                                                            
65479 48 49 30 0 0 0                                                            
65479 48 49 30 0 0 0                                                            
65478 48 49 30 0 0 0                                                            
65478 48 49 30 0 0 0                                                            
65479 48 50 30 0 0 0                                                            
65478 48 49 30 0 0 0                                                            
65479 48 49 30 0 0 0                                                            
65479 48 50 30 0 0 0                                                            
65477 48 50 30 0 0 0                                                            
65479 48 50 30 0 0 0                                                            
65479 48 49 30 0 0 0                                                            
65478 48 50 30 0 0 0                                                            
65479 48 49 30 0 0 0                                                            
65478 48 50 30 0 0 0                                                            
65478 48 49 30 0 0 0                                                            
65479 48 49 30 0 0 0                                                            
65478 48 49 30 0 0 0                                                            
65479 48 49 30 0 0 0                                                            
65479 48 49 30 0 0 0                                                            
65477 48 49 30 0 0 0                                                            
65479 48 49 30 0 0 0                                                            
65479 48 49 30 0 0 0                                                            
65478 48 49 30 0 0 0                                                            
65479 48 49 30 0 0 0                                                            
65479 48 49 30 0 0 0                                                            
65477 48 49 30 0 0 0                                                            
65479 48 49 30 0 0 0                                                            
65479 48 49 30 0 0 0                                                            
65478 48 49 30 0 0 0                                                            
65479 48 49 30 0 0 0                                                            
65479 48 49 30 0 0 0                                                            
65477 48 50 30 0 0 0                                                            
65479 48 50 30 0 0 0                                                            
65479 48 50 30 0 0 0                                                            
65478 48 49 30 0 0 0                                                            
65482 17 25 30 0 0 0                                                            
65482 18 22 30 0 0 0                                                            
65481 18 21 30 0 0 0                                                            
65482 16 24 30 0 0 0                                                            
65482 16 24 30 0 0 0                                                            
65482 16 23 30 0 0 0                                                            
65481 16 24 30 0 0 0                                                            
65482 18 22 30 0 0 0                                                            
65482 17 25 30 0 0 0                                                            
65477 50 50 30 0 0 0                                                            
65479 48 49 30 0 0 0                                                            
65479 48 50 30 0 0 0                                                            
65478 48 50 30 0 0 0                                                            
65479 48 49 30 0 0 0                                                            
65478 48 50 30 0 0 0                                                            
65478 48 50 30 0 0 0                                                            
65479 48 50 30 0 0 0                                                            
65479 48 50 30 0 0 0                                                            
65478 48 49 30 0 0 0                                                            
65478 48 50 30 0 0 0                                                            
65479 48 50 30 0 0 0                                                            
65478 48 50 30 0 0 0                                                            
65479 48 50 30 0 0 0                                                            
65479 48 50 30 0 0 0                                                            
65478 48 50 30 0 0 0                                                            
65478 48 50 30 0 0 0                                                            
65478 48 50 30 0 0 0                                                            
65479 48 50 30 0 0 0                                                            
65479 48 49 30 0 0 0                                                            
65478 48 50 30 0 0 0                                                            
65478 48 49 30 0 0 0                                                            
65479 48 50 30 0 0 0                                                            
65478 48 49 30 0 0 0                                                            
65479 48 49 30 0 0 0                                                            
65479 48 50 30 0 0 0                                                            
65478 48 49 30 0 0 0                                                            
65478 48 49 30 0 0 0                                                            
65479 48 50 30 0 0 0                                                            
65478 48 50 30 0 0 0                                                            
65479 48 50 30 0 0 0                                                            
65479 48 50 30 0 0 0                                                            
65477 48 50 30 0 0 0                                                            
65479 48 49 30 0 0 0                                                            
65479 48 49 30 0 0 0                                                            
65478 48 50 30 0 0 0                                                            
65479 48 50 30 0 0 0                                                            
65477 48 50 30 0 0 0                                                            
65479 48 50 30 0 0 0                                                            
65479 48 49 30 0 0 0                                                            
65478 48 49 30 0 0 0                                                            
65479 48 49 30 0 0 0                                                            
65478 48 50 30 0 0 0                                                            
                                                                                
65478 48 50 30 0 0 0
65479 48 49 30 0 0 0
65479 48 49 30 0 0 0
65478 48 49 30 0 0 0
65479 48 49 30 0 0 0
65478 48 49 30 0 0 0
65478 48 50 30 0 0 0
65479 48 50 30 0 0 0
65479 48 50 30 0 0 0
65478 48 50 30 0 0 0
65478 48 49 30 0 0 0
65479 48 50 30 0 0 0
65478 48 50 30 0 0 0
65479 48 50 30 0 0 0
65478 48 50 30 0 0 0
65478 48 49 30 0 0 0
65479 48 50 30 0 0 0
65478 48 49 30 0 0 0
65479 48 49 30 0 0 0
65479 48 49 30 0 0 0
65477 48 49 30 0 0 0
65479 48 49 30 0 0 0
65479 48 50 30 0 0 0
65478 48 49 30 0 0 0
65479 48 50 30 0 0 0
65478 48 49 30 0 0 0
65478 48 49 30 0 0 0
65479 48 49 30 0 0 0
65479 48 49 30 0 0 0
65478 48 50 30 0 0 0
65479 48 49 30 0 0 0
65478 48 50 30 0 0 0
65478 48 50 30 0 0 0
65479 48 50 30 0 0 0
65479 48 49 30 0 0 0
65478 48 50 30 0 0 0
65478 48 49 30 0 0 0
65479 48 50 30 0 0 0
65478 48 50 30 0 0 0
65479 48 49 30 0 0 0
65478 48 50 30 0 0 0
65478 48 50 30 0 0 0
65479 48 50 30 0 0 0
65478 48 50 30 0 0 0
65479 48 49 30 0 0 0
65479 48 49 30 0 0 0
65477 48 50 30 0 0 0
65479 48 50 30 0 0 0
65479 48 50 30 0 0 0
65478 48 50 30 0 0 0
65479 48 50 30 0 0 0
65479 48 50 30 0 0 0
65477 48 50 30 0 0 0
65479 48 50 30 0 0 0
65479 48 50 30 0 0 0
65478 48 50 30 0 0 0
65479 48 50 30 0 0 0
65478 48 50 30 0 0 0
65478 48 50 30 0 0 0
65479 48 50 30 0 0 0
65479 48 50 30 0 0 0
65478 48 50 30 0 0 0
65478 48 49 30 0 0 0
65478 48 50 30 0 0 0
65479 48 50 30 0 0 0
65479 48 49 30 0 0 0
65478 48 50 30 0 0 0
65478 48 50 30 0 0 0
65479 48 50 30 0 0 0
65478 48 50 30 0 0 0
65479 49 50 30 0 0 0
65478 49 50 30 0 0 0
65478 48 49 30 0 0 0
65479 48 49 30 0 0 0
65479 48 50 30 0 0 0
65478 48 50 30 0 0 0
65479 48 50 30 0 0 0
65478 48 50 30 0 0 0
65478 48 50 30 0 0 0
65479 48 50 30 0 0 0
65479 48 50 30 0 0 0
65478 48 50 30 0 0 0
65478 48 50 30 0 0 0
65478 48 49 30 0 0 0
65479 48 49 30 0 0 0
65479 48 49 30 0 0 0
65478 48 49 30 0 0 0
65478 48 49 30 0 0 0
65479 48 49 30 0 0 0
65478 48 49 30 0 0 0
65479 48 49 30 0 0 0
65479 48 49 30 0 0 0
65478 48 49 30 0 0 0
65478 48 49 30 0 0 0
65479 48 50 30 0 0 0
65478 48 50 30 0 0 0
65479 48 49 30 0 0 0
65479 48 50 30 0 0 0
65477 48 50 30 0 0 0
65479 48 50 30 0 0 0
65479 48 50 30 0 0 0
65478 48 50 30 0 0 0
65479 48 50 30 0 0 0
65477 48 50 30 0 0 0
65479 48 50 30 0 0 0
65479 48 50 30 0 0 0
65478 48 49 30 0 0 0
65479 48 50 30 0 0 0
65478 48 50 30 0 0 0
65478 48 50 30 0 0 0
65479 48 50 30 0 0 0
65479 48 50 30 0 0 0
65478 48 50 30 0 0 0
65478 48 50 30 0 0 0
65479 48 50 30 0 0 0
65478 48 50 30 0 0 0
65479 48 50 30 0 0 0
65479 48 49 30 0 0 0
65477 48 50 30 0 0 0
65479 48 50 30 0 0 0
65479 48 50 30 0 0 0
65478 48 50 30 0 0 0
65479 48 49 30 0 0 0
65478 48 50 30 0 0 0
65478 48 50 30 0 0 0
65479 48 50 30 0 0 0
65478 48 50 30 0 0 0
65479 48 49 30 0 0 0
65479 48 50 30 0 0 0
65477 48 49 30 0 0 0
65479 48 50 30 0 0 0
65479 48 50 30 0 0 0
65478 48 50 30 0 0 0
65479 48 50 30 0 0 0
65478 48 50 30 0 0 0
65478 48 50 30 0 0 0
65479 48 50 30 0 0 0
65479 48 49 30 0 0 0
65478 48 50 30 0 0 0
65478 48 49 30 0 0 0
65479 48 49 30 0 0 0
65478 48 49 30 0 0 0
65479 48 49 30 0 0 0
65479 48 49 30 0 0 0
65477 48 49 30 0 0 0
65479 48 50 30 0 0 0
65479 48 49 30 0 0 0
65478 48 50 30 0 0 0
65479 48 50 30 0 0 0
65477 48 50 30 0 0 0
65479 48 50 30 0 0 0
65479 48 50 30 0 0 0
65478 48 49 30 0 0 0
65479 48 49 30 0 0 0
65479 48 49 30 0 0 0
65477 48 50 30 0 0 0
65479 48 50 30 0 0 0
65479 48 49 30 0 0 0
65478 48 50 30 0 0 0
65479 48 50 30 0 0 0
65478 48 50 30 0 0 0
65478 48 50 30 0 0 0
65479 48 50 30 0 0 0
65479 48 50 30 0 0 0
65478 48 50 30 0 0 0
65478 48 50 30 0 0 0
65479 48 50 30 0 0 0
65478 48 50 30 0 0 0
65479 48 50 30 0 0 0
65479 48 49 30 0 0 0
65477 48 50 30 0 0 0
65479 48 49 30 0 0 0
65478 48 49 30 0 0 0
65479 48 50 30 0 0 0
65479 48 50 30 0 0 0
65478 48 50 30 0 0 0
65478 48 50 30 0 0 0
65479 48 50 30 0 0 0
65478 48 49 30 0 0 0
65479 48 50 30 0 0 0
65479 48 49 30 0 0 0
65477 48 49 30 0 0 0
65479 48 50 30 0 0 0
65479 48 49 30 0 0 0
65478 48 50 30 0 0 0
65479 48 49 30 0 0 0
65479 48 50 30 0 0 0
65477 48 50 30 0 0 0
65479 48 50 30 0 0 0
65479 48 50 30 0 0 0
65478 48 49 30 0 0 0
65479 48 49 30 0 0 0
65477 48 50 30 0 0 0
65479 48 50 30 0 0 0
65479 48 49 30 0 0 0
65478 48 50 30 0 0 0
65479 48 49 30 0 0 0
65479 48 50 30 0 0 0
65477 48 50 30 0 0 0
65479 48 50 30 0 0 0
65479 48 50 30 0 0 0
65478 48 49 30 0 0 0
65479 48 50 30 0 0 0
65478 48 50 30 0 0 0
65478 48 50 30 0 0 0
65479 48 50 30 0 0 0
65479 48 49 30 0 0 0
65478 48 49 30 0 0 0
65478 48 50 30 0 0 0
65479 48 49 30 0 0 0
65478 48 49 30 0 0 0
65479 48 49 30 0 0 0
65479 48 49 30 0 0 0
65477 48 49 30 0 0 0
65479 48 50 30 0 0 0
65478 48 50 30 0 0 0
65479 48 50 30 0 0 0
65479 48 49 30 0 0 0
65478 48 50 30 0 0 0
65478 48 50 30 0 0 0
65479 48 50 30 0 0 0
65478 48 50 30 0 0 0
65479 48 50 30 0 0 0
65479 48 50 30 0 0 0
65477 48 50 30 0 0 0
65479 48 49 30 0 0 0
65479 48 49 30 0 0 0
65478 48 49 30 0 0 0
65479 48 49 30 0 0 0
65478 48 49 30 0 0 0
65478 48 49 30 0 0 0
65479 48 50 30 0 0 0
65479 48 49 30 0 0 0
65478 48 50 30 0 0 0
65479 48 50 30 0 0 0
65477 48 49 30 0 0 0
65479 48 50 30 0 0 0
65479 48 49 30 0 0 0
65478 48 49 30 0 0 0
65479 48 49 30 0 0 0
65479 48 49 30 0 0 0
65478 48 49 30 0 0 0
65478 48 49 30 0 0 0
65479 48 50 30 0 0 0
65478 48 50 30 0 0 0
65479 48 50 30 0 0 0
65479 48 49 30 0 0 0
65477 48 49 30 0 0 0
65479 48 50 30 0 0 0
65479 48 49 30 0 0 0
65478 48 50 30 0 0 0
65479 48 50 30 0 0 0
65479 48 50 30 0 0 0
65477 48 50 30 0 0 0
65479 48 50 30 0 0 0
65479 48 50 30 0 0 0
65478 48 50 30 0 0 0
65479 48 49 30 0 0 0
65477 48 49 30 0 0 0
65479 48 49 30 0 0 0
65479 48 49 30 0 0 0
65478 48 50 30 0 0 0
65479 48 49 30 0 0 0
65479 48 50 30 0 0 0
65477 48 49 30 0 0 0
65479 48 50 30 0 0 0
65479 48 50 30 0 0 0
65478 48 49 30 0 0 0
65479 48 49 30 0 0 0
65478 48 49 30 0 0 0
65478 48 49 30 0 0 0
65479 48 49 30 0 0 0
65479 48 49 30 0 0 0
65478 48 49 30 0 0 0
65479 48 49 30 0 0 0
65478 48 49 30 0 0 0
65478 48 50 30 0 0 0
65479 48 49 30 0 0 0
65479 48 49 30 0 0 0
65478 48 49 30 0 0 0
65478 48 50 30 0 0 0
65478 48 49 30 0 0 0
65479 48 49 30 0 0 0
65479 48 49 30 0 0 0
65478 48 49 30 0 0 0
65479 48 49 30 0 0 0
65478 48 49 30 0 0 0
65478 48 50 30 0 0 0
65479 48 49 30 0 0 0
65479 48 50 30 0 0 0
65478 48 49 30 0 0 0
65478 48 50 30 0 0 0
65479 48 50 30 0 0 0
65478 48 50 30 0 0 0
65479 48 50 30 0 0 0
65479 48 50 30 0 0 0
65477 48 50 30 0 0 0
65479 49 50 30 0 0 0
65479 48 49 30 0 0 0
65478 48 49 30 0 0 0
65479 48 50 30 0 0 0
65477 48 50 30 0 0 0
65479 48 49 30 0 0 0
65479 48 49 30 0 0 0
65478 48 50 30 0 0 0
65479 48 50 30 0 0 0
65479 48 50 30 0 0 0
65477 48 50 30 0 0 0
65479 48 50 30 0 0 0
65479 48 49 30 0 0 0
65478 48 50 30 0 0 0
65479 48 50 30 0 0 0
65479 48 50 30 0 0 0
65477 48 50 30 0 0 0
65479 48 49 30 0 0 0
65479 48 50 30 0 0 0
65478 48 49 30 0 0 0
65479 48 50 30 0 0 0
65479 48 50 30 0 0 0
65477 48 50 30 0 0 0
65479 48 50 30 0 0 0
65479 48 50 30 0 0 0
65478 48 50 30 0 0 0
65479 48 49 30 0 0 0
65477 48 50 30 0 0 0
65479 48 49 30 0 0 0
65479 48 50 30 0 0 0
65478 48 50 30 0 0 0
65479 48 50 30 0 0 0
65479 48 50 30 0 0 0
65477 48 49 30 0 0 0
65479 48 49 30 0 0 0
65479 48 50 30 0 0 0
65478 48 50 30 0 0 0
65479 48 50 30 0 0 0
65479 48 50 30 0 0 0
65477 48 50 30 0 0 0
65479 48 49 30 0 0 0
65479 48 50 30 0 0 0
65478 48 49 30 0 0 0
65478 48 50 30 0 0 0
65479 48 50 30 0 0 0
65478 48 50 30 0 0 0
65479 48 49 30 0 0 0
65479 48 49 30 0 0 0
65478 48 49 30 0 0 0
65478 48 49 30 0 0 0
65478 48 49 30 0 0 0
65479 48 50 30 0 0 0
65479 48 49 30 0 0 0
65478 48 50 30 0 0 0
65479 48 49 30 0 0 0
65478 48 50 30 0 0 0
65478 48 49 30 0 0 0
65479 48 49 30 0 0 0
65479 48 49 30 0 0 0
65478 48 49 30 0 0 0
65478 48 49 30 0 0 0
65479 48 49 30 0 0 0
65478 48 49 30 0 0 0
65479 48 49 30 0 0 0
65479 48 49 30 0 0 0
65478 48 50 30 0 0 0
65478 48 49 30 0 0 0
65479 48 50 30 0 0 0
65478 48 49 30 0 0 0
65479 48 49 30 0 0 0
65479 48 49 30 0 0 0
65477 48 49 30 0 0 0
65479 48 49 30 0 0 0
65478 48 50 30 0 0 0
65479 48 50 30 0 0 0
65479 48 49 30 0 0 0
65477 48 49 30 0 0 0
65479 48 49 30 0 0 0
65479 48 50 30 0 0 0
65478 48 50 30 0 0 0
65479 48 50 30 0 0 0
65478 48 50 30 0 0 0
65478 48 50 30 0 0 0
65479 48 49 30 0 0 0
65479 48 49 30 0 0 0
65478 48 50 30 0 0 0
65478 48 50 30 0 0 0
65479 48 50 30 0 0 0
65478 48 50 30 0 0 0
65479 49 50 30 0 0 0
65479 48 50 30 0 0 0
65477 48 50 30 0 0 0
65479 48 49 30 0 0 0
65478 48 49 30 0 0 0
65479 48 49 30 0 0 0
65479 48 50 30 0 0 0
65478 48 49 30 0 0 0
65478 48 49 30 0 0 0
65479 48 49 30 0 0 0
65478 48 50 30 0 0 0
65479 48 49 30 0 0 0
65479 48 49 30 0 0 0
65477 48 49 30 0 0 0
65479 49 49 30 0 0 0
65479 49 50 30 0 0 0
65478 49 45 30 0 0 0
65479 49 45 30 0 0 0
65479 49 46 30 0 0 0
65477 49 50 30 0 0 0
65479 50 47 30 0 0 0
65479 49 50 30 0 0 0
65478 50 50 30 0 0 0
65478 50 50 30 0 0 0
65479 50 49 30 0 0 0
65478 50 50 30 0 0 0
65479 49 49 30 0 0 0
65477 50 47 30 0 0 0
65479 50 46 30 0 0 0
65479 50 45 30 0 0 0
65478 50 49 30 0 0 0
65479 49 50 30 0 0 0
65479 50 47 30 0 0 0
65478 50 47 30 0 0 0
65478 50 47 30 0 0 0
65479 50 46 30 0 0 0
65478 49 47 30 0 0 0
65479 50 50 30 0 0 0
65479 50 46 30 0 0 0
65478 50 47 30 0 0 0
65479 50 46 30 0 0 0
65478 49 46 30 0 0 0
65478 50 46 30 0 0 0
65479 49 47 30 0 0 0
65479 50 46 30 0 0 0
65478 50 47 30 0 0 0
65479 49 50 30 0 0 0
65479 50 46 30 0 0 0
65478 50 46 30 0 0 0
65478 50 47 30 0 0 0
65478 50 46 30 0 0 0
65479 49 46 30 0 0 0
65479 50 46 30 0 0 0
65478 50 46 30 0 0 0
65479 50 46 30 0 0 0
65479 50 46 30 0 0 0
65478 50 46 30 0 0 0
65479 49 46 30 0 0 0
65479 50 46 30 0 0 0
65478 50 47 30 0 0 0
65479 49 46 30 0 0 0
65478 50 46 30 0 0 0
65478 50 46 30 0 0 0
65479 50 46 30 0 0 0
65479 50 46 30 0 0 0
65478 49 50 30 0 0 0
65479 50 50 30 0 0 0
65478 50 50 30 0 0 0
65478 50 49 30 0 0 0
65479 49 50 30 0 0 0
65478 50 49 30 0 0 0
65478 49 50 30 0 0 0
65479 50 50 30 0 0 0
65478 49 50 30 0 0 0
65478 50 50 30 0 0 0
65479 49 50 30 0 0 0
65478 50 50 30 0 0 0
65478 50 50 30 0 0 0
65479 50 49 30 0 0 0
65478 49 50 30 0 0 0
65479 49 47 30 0 0 0
65479 50 47 30 0 0 0
65478 50 46 30 0 0 0
65478 50 48 30 0 0 0
65479 50 50 30 0 0 0
65478 50 50 30 0 0 0
65478 50 50 30 0 0 0
65479 50 50 30 0 0 0
65478 50 46 30 0 0 0
65479 49 50 30 0 0 0
65478 50 50 30 0 0 0
65478 50 46 30 0 0 0
65479 50 46 30 0 0 0
65478 50 46 30 0 0 0
65479 49 47 30 0 0 0
65479 50 50 30 0 0 0
65477 50 50 30 0 0 0
65479 49 50 30 0 0 0
65479 50 50 30 0 0 0
65478 50 50 30 0 0 0
65478 49 50 30 0 0 0
65479 49 47 30 0 0 0
65478 50 50 30 0 0 0
65479 50 49 30 0 0 0
65478 50 50 30 0 0 0
65478 49 50 30 0 0 0
65479 50 47 30 0 0 0
65479 50 47 30 0 0 0
65477 50 50 30 0 0 0
65479 50 49 30 0 0 0
65479 50 47 30 0 0 0
65478 50 46 30 0 0 0
65479 49 46 30 0 0 0
65479 50 47 30 0 0 0
65477 50 50 30 0 0 0
65479 50 49 30 0 0 0
65478 50 50 30 0 0 0
65479 50 50 30 0 0 0
65478 50 50 30 0 0 0
65478 50 50 30 0 0 0
65479 49 47 30 0 0 0
65479 50 46 30 0 0 0
65478 50 47 30 0 0 0
65478 50 50 30 0 0 0
65479 50 50 30 0 0 0
65478 50 50 30 0 0 0
65479 50 47 30 0 0 0
65478 50 45 30 0 0 0
65478 50 47 30 0 0 0
65479 50 47 30 0 0 0
65479 49 46 30 0 0 0
65478 49 47 30 0 0 0
65479 50 47 30 0 0 0
65478 50 50 30 0 0 0
65478 49 50 30 0 0 0
65479 49 50 30 0 0 0
65478 50 50 30 0 0 0
65478 50 50 30 0 0 0
65479 49 49 30 0 0 0
65478 49 50 30 0 0 0
65478 49 50 30 0 0 0
65479 50 49 30 0 0 0
65478 50 50 30 0 0 0
65479 50 50 30 0 0 0
65478 49 50 30 0 0 0
65478 50 47 30 0 0 0
65479 50 46 30 0 0 0
65479 50 50 30 0 0 0
65478 50 50 30 0 0 0
65478 50 47 30 0 0 0
65479 49 46 30 0 0 0
65478 50 46 30 0 0 0
65479 50 46 30 0 0 0
65479 50 46 30 0 0 0
65478 50 46 30 0 0 0
65479 49 46 30 0 0 0
65479 49 46 30 0 0 0
65478 50 46 30 0 0 0
65479 50 46 30 0 0 0
65477 50 46 30 0 0 0
65479 50 45 30 0 0 0
65479 49 47 30 0 0 0
65478 50 46 30 0 0 0
65479 50 46 30 0 0 0
65479 49 46 30 0 0 0
65478 50 47 30 0 0 0
65479 50 46 30 0 0 0
65479 50 46 30 0 0 0
65478 50 46 30 0 0 0
65479 49 46 30 0 0 0
65478 50 47 30 0 0 0
65478 50 48 30 0 0 0
65479 50 46 30 0 0 0
65479 50 46 30 0 0 0
65478 50 46 30 0 0 0
65479 49 46 30 0 0 0
65479 49 45 30 0 0 0
65478 49 46 30 0 0 0
65479 50 46 30 0 0 0
65478 50 49 30 0 0 0
65478 50 50 30 0 0 0
65479 50 47 30 0 0 0
65478 50 46 30 0 0 0
65479 50 50 30 0 0 0
65478 50 46 30 0 0 0
65478 50 49 30 0 0 0
65479 50 49 30 0 0 0
65479 50 49 30 0 0 0
65477 50 50 30 0 0 0
65479 50 50 30 0 0 0
65479 50 50 30 0 0 0
65477 50 50 30 0 0 0
65479 50 50 30 0 0 0
65479 49 50 30 0 0 0
65478 50 50 30 0 0 0
65478 49 50 30 0 0 0
65479 50 50 30 0 0 0
65478 50 47 30 0 0 0
65479 49 46 30 0 0 0
65479 49 46 30 0 0 0
65478 49 46 30 0 0 0
65478 49 46 30 0 0 0
65478 49 47 30 0 0 0
65479 49 46 30 0 0 0
65479 49 46 30 0 0 0
65478 49 46 30 0 0 0
65479 49 47 30 0 0 0
65479 49 46 30 0 0 0
65478 49 46 30 0 0 0
65479 50 45 30 0 0 0
65479 50 47 30 0 0 0
65478 49 46 30 0 0 0
65479 50 46 30 0 0 0
65478 50 46 30 0 0 0
65478 50 45 30 0 0 0
65479 50 45 30 0 0 0
65479 50 47 30 0 0 0
65478 50 46 30 0 0 0
65479 50 46 30 0 0 0
65479 50 46 30 0 0 0
65478 50 45 30 0 0 0
65479 49 46 30 0 0 0
65479 50 46 30 0 0 0
65478 50 46 30 0 0 0
65479 49 46 30 0 0 0
65479 50 46 30 0 0 0
65477 50 46 30 0 0 0
65479 50 46 30 0 0 0
65479 50 45 30 0 0 0
65478 50 46 30 0 0 0
65479 49 45 30 0 0 0
65478 50 45 30 0 0 0
65479 50 45 30 0 0 0
65479 50 45 30 0 0 0
65478 50 45 30 0 0 0
65479 49 45 30 0 0 0
65479 50 45 30 0 0 0
65478 50 45 30 0 0 0
65479 50 45 30 0 0 0
65479 49 45 30 0 0 0
65478 50 46 30 0 0 0
65479 49 46 30 0 0 0
65479 50 46 30 0 0 0
65477 50 47 30 0 0 0
65479 50 47 30 0 0 0
65479 50 46 30 0 0 0
65478 50 47 30 0 0 0
65479 49 46 30 0 0 0
65479 50 47 30 0 0 0
65478 50 47 30 0 0 0
65479 50 46 30 0 0 0
65479 50 47 30 0 0 0
65478 50 46 30 0 0 0
65478 50 47 30 0 0 0
65479 50 47 30 0 0 0
65478 49 46 30 0 0 0
65479 50 47 30 0 0 0
65478 50 47 30 0 0 0
65479 50 46 30 0 0 0
65479 50 47 30 0 0 0
65478 50 46 30 0 0 0
65479 49 46 30 0 0 0
65478 50 46 30 0 0 0
65478 50 46 30 0 0 0
65479 50 46 30 0 0 0
65479 49 46 30 0 0 0
65478 50 46 30 0 0 0
65479 50 49 30 0 0 0
65479 50 50 30 0 0 0
65477 50 49 30 0 0 0
65479 50 49 30 0 0 0
65479 50 50 30 0 0 0
65477 50 50 30 0 0 0
65479 50 48 30 0 0 0
65479 50 50 30 0 0 0
65478 50 50 30 0 0 0
65478 50 50 30 0 0 0
65479 49 50 30 0 0 0
65478 49 50 30 0 0 0
65479 50 50 30 0 0 0
65477 49 50 30 0 0 0
65479 50 50 30 0 0 0
65479 50 50 30 0 0 0
65477 50 49 30 0 0 0
65479 49 50 30 0 0 0
65479 49 50 30 0 0 0
65478 50 50 30 0 0 0
65478 50 50 30 0 0 0
65479 49 50 30 0 0 0
65478 50 50 30 0 0 0
65478 50 50 30 0 0 0
65479 50 50 30 0 0 0
65478 50 50 30 0 0 0
65478 50 50 30 0 0 0
65479 50 50 30 0 0 0
65478 50 50 30 0 0 0
65479 50 50 30 0 0 0
65477 50 50 30 0 0 0
65479 50 50 30 0 0 0
65479 50 50 30 0 0 0
65477 49 50 30 0 0 0
65479 49 50 30 0 0 0
65479 49 50 30 0 0 0
65478 49 50 30 0 0 0
65478 49 50 30 0 0 0
65479 49 50 30 0 0 0
65478 50 50 30 0 0 0
65479 49 47 30 0 0 0
65478 49 46 30 0 0 0
65478 49 45 30 0 0 0
65479 49 46 30 0 0 0
65479 49 46 30 0 0 0
65478 50 46 30 0 0 0
65479 49 46 30 0 0 0
65479 50 46 30 0 0 0
65478 49 47 30 0 0 0
65479 49 46 30 0 0 0
65479 50 47 30 0 0 0
65477 50 50 30 0 0 0
65479 50 49 30 0 0 0
65478 50 49 30 0 0 0
65479 50 49 30 0 0 0
65478 50 50 30 0 0 0
65478 50 49 30 0 0 0
65479 50 50 30 0 0 0
65478 50 49 30 0 0 0
65478 49 49 30 0 0 0
65479 50 49 30 0 0 0
65479 50 50 30 0 0 0
65477 50 50 30 0 0 0
65479 50 50 30 0 0 0
65479 50 50 30 0 0 0
65477 50 50 30 0 0 0
65479 49 46 30 0 0 0
65479 49 46 30 0 0 0
65478 49 45 30 0 0 0
65479 49 45 30 0 0 0
65479 50 46 30 0 0 0
65478 50 45 30 0 0 0
65479 50 45 30 0 0 0
65478 50 46 30 0 0 0
65479 49 46 30 0 0 0
65479 49 45 30 0 0 0
65478 49 45 30 0 0 0
65479 50 46 30 0 0 0
65479 49 46 30 0 0 0
65478 49 46 30 0 0 0
65478 49 47 30 0 0 0
65479 50 50 30 0 0 0
65478 50 49 30 0 0 0
65479 50 49 30 0 0 0
65478 50 47 30 0 0 0
65478 50 50 30 0 0 0
65479 50 50 30 0 0 0
65479 49 50 30 0 0 0
65477 49 47 30 0 0 0
65479 49 49 30 0 0 0
65479 50 50 30 0 0 0
65478 50 50 30 0 0 0
65478 50 50 30 0 0 0
65479 50 50 30 0 0 0
65478 50 49 30 0 0 0
65478 50 50 30 0 0 0
65478 50 46 30 0 0 0
65479 50 47 30 0 0 0
65479 50 46 30 0 0 0
65478 50 47 30 0 0 0
65479 50 50 30 0 0 0
65478 50 50 30 0 0 0
65478 50 46 30 0 0 0
65479 49 46 30 0 0 0
65479 50 50 30 0 0 0
65477 50 50 30 0 0 0
65479 49 48 30 0 0 0
65479 49 50 30 0 0 0
65478 49 50 30 0 0 0
65478 50 50 30 0 0 0
65479 50 50 30 0 0 0
65478 50 49 30 0 0 0
65479 50 50 30 0 0 0
65478 49 50 30 0 0 0
65478 50 50 30 0 0 0
65479 50 50 30 0 0 0
65477 50 49 30 0 0 0
65479 50 50 30 0 0 0
65479 50 49 30 0 0 0
65478 50 50 30 0 0 0
65478 50 46 30 0 0 0
65479 50 50 30 0 0 0
65478 50 49 30 0 0 0
65479 50 49 30 0 0 0
65478 50 50 30 0 0 0
65478 50 49 30 0 0 0
65479 50 49 30 0 0 0
65479 50 47 30 0 0 0
65477 50 47 30 0 0 0
65479 50 50 30 0 0 0
65479 50 50 30 0 0 0
65477 50 50 30 0 0 0
65479 50 50 30 0 0 0
65479 50 49 30 0 0 0
65478 50 49 30 0 0 0
65478 50 49 30 0 0 0
65478 50 49 30 0 0 0
65479 50 50 30 0 0 0
65478 50 50 30 0 0 0
65478 50 50 30 0 0 0
65479 50 50 30 0 0 0
65479 49 50 30 0 0 0
65477 49 50 30 0 0 0
65479 50 50 30 0 0 0
65479 49 50 30 0 0 0
65477 50 50 30 0 0 0
65479 50 48 30 0 0 0
65479 50 50 30 0 0 0
65478 49 50 30 0 0 0
65478 49 47 30 0 0 0
65479 49 47 30 0 0 0
65478 50 50 30 0 0 0
65479 50 50 30 0 0 0
65479 50 50 30 0 0 0
65477 49 50 30 0 0 0
65479 50 50 30 0 0 0
65478 50 47 30 0 0 0
65479 50 50 30 0 0 0
65478 49 50 30 0 0 0
65478 50 50 30 0 0 0
65479 50 50 30 0 0 0
65479 50 47 30 0 0 0
65477 49 46 30 0 0 0
65479 50 49 30 0 0 0
65479 49 50 30 0 0 0
65478 49 49 30 0 0 0
65478 50 50 30 0 0 0
65479 50 50 30 0 0 0
65478 50 50 30 0 0 0
65479 49 50 30 0 0 0
65478 49 50 30 0 0 0
65478 49 50 30 0 0 0
65479 49 47 30 0 0 0
65479 49 46 30 0 0 0
65478 50 46 30 0 0 0
65479 50 46 30 0 0 0
65478 49 45 30 0 0 0
65478 49 46 30 0 0 0
65479 49 46 30 0 0 0
65478 50 46 30 0 0 0
65479 49 46 30 0 0 0
65479 49 47 30 0 0 0
65478 49 50 30 0 0 0
65478 50 50 30 0 0 0
65479 50 47 30 0 0 0
65478 50 46 30 0 0 0
65479 50 47 30 0 0 0
65479 50 45 30 0 0 0
65478 49 46 30 0 0 0
65479 50 46 30 0 0 0
65479 50 46 30 0 0 0
65478 50 46 30 0 0 0
65478 49 47 30 0 0 0
65479 50 45 30 0 0 0
65478 49 45 30 0 0 0
65479 49 46 30 0 0 0
65479 49 47 30 0 0 0
65478 49 46 30 0 0 0
65479 50 46 30 0 0 0
65479 49 46 30 0 0 0
65478 49 47 30 0 0 0
65479 50 47 30 0 0 0
65477 50 47 30 0 0 0
65479 49 47 30 0 0 0
65479 50 46 30 0 0 0
65478 50 47 30 0 0 0
65479 50 46 30 0 0 0
65479 50 46 30 0 0 0
65478 50 47 30 0 0 0
65478 50 50 30 0 0 0
65479 50 50 30 0 0 0
65478 50 50 30 0 0 0
65479 50 50 30 0 0 0
65478 50 50 30 0 0 0
65478 50 50 30 0 0 0
65479 50 50 30 0 0 0
65478 50 50 30 0 0 0
65478 50 50 30 0 0 0
65479 49 50 30 0 0 0
65478 50 50 30 0 0 0
65478 50 48 30 0 0 0
65479 49 50 30 0 0 0
65478 50 47 30 0 0 0
65479 49 47 30 0 0 0
65479 49 46 30 0 0 0
65478 49 46 30 0 0 0
65478 49 47 30 0 0 0
65479 49 46 30 0 0 0
65478 49 47 30 0 0 0
65479 49 50 30 0 0 0
65479 49 47 30 0 0 0
65478 50 50 30 0 0 0
65478 49 50 30 0 0 0
65479 49 50 30 0 0 0
65478 49 50 30 0 0 0
65478 49 49 30 0 0 0
65479 49 49 30 0 0 0
65478 49 50 30 0 0 0
65479 49 50 30 0 0 0
65478 49 50 30 0 0 0
65478 50 50 30 0 0 0
65479 50 50 30 0 0 0
65477 50 50 30 0 0 0
65479 50 49 30 0 0 0
65479 50 50 30 0 0 0
65478 50 49 30 0 0 0
65478 50 50 30 0 0 0
65479 50 50 30 0 0 0
65478 50 47 30 0 0 0
65479 50 47 30 0 0 0
65479 50 47 30 0 0 0
65478 49 46 30 0 0 0
65478 49 46 30 0 0 0
65479 50 45 30 0 0 0
65478 50 46 30 0 0 0
65479 50 45 30 0 0 0
65479 50 45 30 0 0 0
65478 49 46 30 0 0 0
65479 49 45 30 0 0 0
65479 49 45 30 0 0 0
65478 49 46 30 0 0 0
65479 50 46 30 0 0 0
65479 49 46 30 0 0 0
65478 49 45 30 0 0 0
65479 49 46 30 0 0 0
65479 50 50 30 0 0 0
65477 49 50 30 0 0 0
65479 49 50 30 0 0 0
65478 50 49 30 0 0 0
65478 50 49 30 0 0 0
65479 50 50 30 0 0 0
65478 50 50 30 0 0 0
65479 50 49 30 0 0 0
65478 50 50 30 0 0 0
65478 50 49 30 0 0 0
65479 50 49 30 0 0 0
65478 50 50 30 0 0 0
65478 50 50 30 0 0 0
65479 50 47 30 0 0 0
65479 50 45 30 0 0 0
65478 49 46 30 0 0 0
65479 50 46 30 0 0 0
65479 50 45 30 0 0 0
65478 49 46 30 0 0 0
65478 49 46 30 0 0 0
65479 50 47 30 0 0 0
65478 49 50 30 0 0 0
65479 49 49 30 0 0 0
65477 50 50 30 0 0 0
65479 49 49 30 0 0 0
65479 50 50 30 0 0 0
65478 50 49 30 0 0 0
65478 50 50 30 0 0 0
65479 50 49 30 0 0 0
65478 50 50 30 0 0 0
65478 50 50 30 0 0 0
65479 50 50 30 0 0 0
65478 50 50 30 0 0 0
65479 49 50 30 0 0 0
65478 49 50 30 0 0 0
65478 49 47 30 0 0 0
65479 49 46 30 0 0 0
65479 49 46 30 0 0 0
65478 49 50 30 0 0 0
65478 50 50 30 0 0 0
65479 49 50 30 0 0 0
65478 49 50 30 0 0 0
65479 50 50 30 0 0 0
65477 50 49 30 0 0 0
65479 50 50 30 0 0 0
65479 50 49 30 0 0 0
65477 50 50 30 0 0 0
65479 50 50 30 0 0 0
65479 50 50 30 0 0 0
65478 49 50 30 0 0 0
65478 49 50 30 0 0 0
65479 50 50 30 0 0 0
65478 50 50 30 0 0 0
65478 50 50 30 0 0 0
65479 49 49 30 0 0 0
65478 49 50 30 0 0 0
65479 50 50 30 0 0 0
65478 50 49 30 0 0 0
65478 49 50 30 0 0 0
65479 50 50 30 0 0 0
65479 50 49 30 0 0 0
65477 49 49 30 0 0 0
65479 49 49 30 0 0 0
65478 49 50 30 0 0 0
65478 49 50 30 0 0 0
65479 49 48 30 0 0 0
65478 49 50 30 0 0 0
65479 50 47 30 0 0 0
65479 49 47 30 0 0 0
65478 49 45 30 0 0 0
65479 50 46 30 0 0 0
65479 50 45 30 0 0 0
65478 49 46 30 0 0 0
65478 49 46 30 0 0 0
65479 49 46 30 0 0 0
65478 50 46 30 0 0 0
65479 49 46 30 0 0 0
65479 50 47 30 0 0 0
65478 50 46 30 0 0 0
65479 49 47 30 0 0 0
65479 50 47 30 0 0 0
65477 50 47 30 0 0 0
65479 50 47 30 0 0 0
65479 50 46 30 0 0 0
65478 50 46 30 0 0 0
65479 50 45 30 0 0 0
65478 50 46 30 0 0 0
65479 50 47 30 0 0 0
65478 50 50 30 0 0 0
65478 50 49 30 0 0 0
65479 49 50 30 0 0 0
65479 50 50 30 0 0 0
65477 49 47 30 0 0 0
65479 49 46 30 0 0 0
65479 49 47 30 0 0 0
65478 50 46 30 0 0 0
65479 49 50 30 0 0 0
65479 49 50 30 0 0 0
65477 49 50 30 0 0 0
