65481 30 26 30 1 0 0
65482 30 26 30 1 0 0
65480 30 26 30 1 0 0
65481 30 26 30 1 0 0
65481 30 26 30 1 0 0
65481 30 26 30 1 0 0
65480 30 26 30 1 0 0
65481 30 26 30 1 0 0
65481 30 26 30 1 0 0
65480 30 26 30 1 0 0
65481 30 27 30 1 0 0
65482 30 26 30 1 0 0
65481 30 26 30 1 0 0
65480 30 27 30 1 0 0
65481 30 27 30 1 0 0
65481 30 26 30 1 0 0
65480 30 26 30 1 0 0
65481 30 26 30 1 0 0
65481 30 26 30 1 0 0
65480 30 26 30 1 0 0
65482 30 26 30 1 0 0
65481 30 26 30 1 0 0
65481 30 26 30 1 0 0
65480 30 26 30 1 0 0
65481 30 26 30 1 0 0
65481 30 26 30 1 0 0
65480 30 26 30 1 0 0
65481 30 26 30 1 0 0
65482 30 26 30 1 0 0
65481 30 26 30 1 0 0
65480 30 26 30 1 0 0
65481 30 26 30 1 0 0
65481 30 26 30 1 0 0
65480 30 26 30 1 0 0
65481 30 26 30 1 0 0
65481 30 26 30 1 0 0
65481 30 26 30 1 0 0
65481 30 26 30 1 0 0
65481 30 26 30 1 0 0
65481 30 26 30 1 0 0
65480 30 26 30 1 0 0
65481 30 26 30 1 0 0
65481 30 26 30 1 0 0
65480 30 26 30 1 0 0
65481 30 26 30 1 0 0
65481 30 26 30 1 0 0
65482 30 26 30 1 0 0
65480 30 26 30 1 0 0
65481 30 26 30 1 0 0
65481 30 26 30 1 0 0
65480 30 26 30 1 0 0
65481 30 26 30 1 0 0
65481 30 26 30 1 0 0
65480 30 26 30 1 0 0
65481 30 26 50 1 0 0
65481 30 26 50 1 255 255
65481 31 27 50 1 255 255
65480 32 28 50 1 255 255
65481 34 30 50 1 255 255
65480 36 32 50 1 255 255
65479 38 34 50 1 255 255
65480 41 36 50 1 255 255
65479 43 39 50 1 240 240
65478 45 43 50 1 255 255
65479 48 44 50 1 190 190
65479 51 47 50 1 -5 -5
65477 53 49 50 1 -145 -145
65479 53 49 50 1 -180 -180
65478 54 49 50 1 -55 -55
65477 53 49 50 1 -190 -190
65479 53 48 50 1 -20 -20
65477 53 48 50 1 -105 -105
65479 52 47 50 1 -120 -120
65478 51 46 50 1 -15 -15
65478 51 46 50 1 25 25
65479 51 46 50 1 -50 -50
65479 51 45 50 1 -55 -55
65478 49 45 50 1 -60 -60
65478 50 45 50 1 175 175
65479 50 45 50 1 -80 -80
65478 50 45 50 1 -10 -10
65479 49 46 50 1 -10 -10
65479 50 45 50 1 110 110
65478 50 45 50 1 -75 -75
65478 49 45 50 1 -5 -5
65479 49 45 50 1 115 115
65478 50 45 50 1 50 50
65479 51 45 50 1 -65 -65
65479 50 45 50 1 -115 -115
65478 50 45 50 1 70 70
65479 50 45 50 1 0 0
65479 50 45 50 1 0 0
65477 51 45 50 1 0 0
65479 50 45 50 1 -120 -120
65478 50 45 50 1 65 65
65479 50 45 50 1 -5 -5
65479 50 44 50 1 -5 -5
65478 50 44 50 1 -5 -5
65479 50 44 50 1 -5 -5
65479 49 44 50 1 -5 -5
65478 50 44 50 1 115 115
65479 50 45 50 1 -70 -70
65479 50 45 50 1 0 0
65478 50 45 50 1 0 0
65479 50 45 50 1 0 0
65479 50 44 50 1 0 0
65477 50 45 50 1 0 0
65479 50 46 50 1 0 0
65479 50 45 50 1 0 0
65478 50 45 50 1 0 0
65479 50 45 50 1 0 0
65479 50 44 50 1 0 0
65478 50 45 50 1 0 0
65479 50 45 50 1 0 0
65479 50 45 50 1 0 0
65478 50 45 50 1 0 0
65479 50 45 50 1 0 0
65479 50 45 50 1 0 0
65478 50 45 50 1 0 0
65479 50 45 50 1 0 0
65479 50 45 50 1 0 0
65478 50 45 50 1 0 0
65479 50 44 50 1 0 0
65478 50 44 50 1 0 0
65479 50 45 50 1 0 0
65479 50 45 50 1 0 0
65478 50 45 50 1 0 0
65479 50 44 50 1 0 0
65479 50 45 50 1 0 0
65478 50 44 50 1 0 0
65479 50 45 50 1 0 0
65479 51 45 50 1 0 0
65478 50 44 50 1 -120 -120
65479 50 44 50 1 65 65
65479 50 44 50 1 -5 -5
65478 50 44 50 1 -5 -5
65478 50 45 50 1 -5 -5
65479 50 44 50 1 -5 -5
65478 50 44 50 1 -5 -5
65479 50 45 50 1 -5 -5
65479 50 44 50 1 -5 -5
65478 50 45 50 1 -5 -5
65479 50 45 50 1 -5 -5
65479 50 45 50 1 -5 -5
65478 50 45 50 1 -5 -5
65479 50 45 50 1 -5 -5
65479 50 45 50 1 -5 -5
65478 50 45 50 1 -5 -5
65479 50 45 50 1 -5 -5
65479 50 45 50 1 -5 -5
65478 50 45 50 1 -5 -5
65479 50 45 50 1 -5 -5
65478 50 45 50 1 -5 -5
65479 50 45 50 1 -5 -5
65479 50 45 50 1 -5 -5
65477 50 45 50 1 -5 -5
65479 49 45 50 1 -5 -5
65479 50 45 50 1 115 115
65478 50 44 50 1 -70 -70
65479 50 45 50 1 0 0
65479 50 45 50 1 0 0
65478 50 44 50 1 0 0
65479 50 44 50 1 0 0
65479 49 44 50 1 0 0
65478 50 45 50 1 120 120
65479 50 45 50 1 -65 -65
65479 49 45 50 1 5 5
65477 50 45 30 1 125 125
65479 50 45 30 1 -255 -255
65479 50 44 30 1 -255 -255
65478 48 44 30 1 -255 -255
65479 47 42 30 1 -255 -255
65479 44 39 30 1 -255 -255
65479 44 37 30 1 -255 -255
65480 42 35 30 1 -255 -255
65480 38 32 30 1 -255 -255
65479 36 31 30 1 -110 -110
65481 33 27 30 1 -190 -190
65481 32 25 30 1 0 0
65471 0 24 30 1 -105 -105
65481 28 21 30 1 255 255
65481 26 19 30 1 -255 -255
65481 25 18 30 1 255 255
65482 25 19 30 1 255 255
65481 26 20 30 1 210 210
65480 28 21 30 1 115 115
65472 0 22 30 1 -35 -35
65481 30 23 30 1 255 255
65480 30 24 30 1 -255 -255
65481 30 25 30 1 15 15
65482 30 25 30 1 15 15
65480 31 25 30 1 15 15
65481 30 25 30 1 -105 -105
65481 30 24 30 1 80 80
65481 31 24 30 1 10 10
65480 30 24 30 1 -110 -110
65481 30 24 30 1 75 75
65481 31 24 30 1 5 5
65480 31 24 30 1 -115 -115
65481 30 23 30 1 -50 -50
65481 31 23 30 1 65 65
65482 29 23 30 1 -125 -125
65480 30 23 30 1 180 180
65481 30 24 30 1 -75 -75
65481 31 25 30 1 -5 -5
65480 31 24 30 1 -125 -125
65472 0 23 30 1 -60 -60
65481 29 23 30 1 255 255
65480 29 23 30 1 -255 -255
65472 0 23 30 1 35 35
65480 29 24 30 1 255 255

