65482 24 24 30 0 0 0
65481 24 23 30 0 0 0
65481 24 23 30 0 0 0
65481 24 24 30 3 0 0
65482 25 24 30 3 -150 -150
65481 25 23 30 3 -150 -45
65480 25 24 30 3 -150 -45
65482 25 25 30 3 -150 -45
65481 25 25 30 3 -150 -150
65480 24 26 30 3 -150 -150
65482 25 26 30 3 -45 -150
65481 25 26 30 3 -45 -150
65481 25 26 30 3 -45 -150
65480 25 25 30 3 -45 -150
65482 25 25 30 3 -150 -150
65481 25 25 30 3 -150 -150
65480 25 25 30 3 -150 -150
65481 25 25 30 3 -150 -150
65482 25 24 30 3 -150 -150
65480 25 25 30 3 -150 -45
65481 25 24 30 3 -150 -150
65481 25 25 30 3 -150 -45
65482 25 26 30 3 -150 -150
65480 25 26 30 3 -45 -150
65481 26 25 30 3 -45 -150
65481 26 25 30 3 -150 -45
65480 26 25 30 3 -150 -45
65482 26 26 30 3 -150 -45
65481 26 26 30 3 -150 -150
65481 26 26 30 3 -150 -150
65480 26 26 30 3 -150 -150
65481 26 26 30 3 -150 -150
65481 26 26 30 3 -150 -150
65480 26 27 30 3 -150 -150
65482 27 27 30 3 -45 -150
65481 26 27 30 3 -150 -150
65481 27 26 30 3 -45 -150
65480 27 23 30 3 -150 -45
65481 27 27 30 3 -150 -45
65481 27 27 30 3 -150 -150
65481 27 5 30 3 -150 -150
65481 28 28 30 3 -150 -45
65481 28 29 30 3 -150 -150
65480 28 30 30 3 -45 -150
65481 29 31 30 3 -45 -150
65481 30 30 30 3 -45 -150
65481 30 22 30 3 -150 -150
65479 30 28 30 3 -150 -45
65481 31 27 30 3 -150 -45
65481 31 31 30 3 -150 -45
65480 31 31 30 3 -150 -150
65480 31 31 30 3 -150 -150
65481 31 32 30 3 -150 -150
65479 30 32 30 3 -45 -150
65481 30 31 30 3 -45 -150
65481 30 31 30 3 -45 -150
65480 30 30 30 3 -45 -150
65480 30 30 30 3 -150 -150
65481 31 31 30 3 -150 -150
65480 31 30 30 3 -150 -150
65480 30 30 30 3 -150 -45
65481 30 31 30 3 -150 -150
65480 30 30 30 3 -45 -150
65480 30 30 30 3 -150 -150
65481 30 30 30 3 -150 -150
65480 30 30 30 3 -150 -150
65481 30 30 30 3 -150 -150
65480 30 30 30 3 -150 -150
65480 30 29 30 3 -150 -150
65481 30 30 30 3 -150 -45
65480 30 30 30 3 -150 -150
65481 29 30 30 3 -150 -150
65480 30 30 30 3 -45 -150
65480 29 30 30 3 -150 -150
65481 29 30 30 3 -45 -150
65481 29 30 30 3 -45 -150
65479 30 29 30 3 -45 -150
65481 30 29 30 3 -150 -45
65481 29 28 30 3 -150 -45
65481 29 29 30 3 -150 -45
65480 29 29 30 3 -150 -150
65481 29 29 30 3 -150 -150
65480 29 29 30 3 -150 -150
65480 29 29 30 3 -150 -150
65481 29 29 30 3 -150 -150
65481 29 29 30 3 -150 -150
65480 29 29 30 3 -150 -150
65480 29 29 30 3 -150 -150
65481 29 28 30 3 -150 -150
65481 29 28 30 3 -150 -45
65480 29 28 30 3 -150 -45
65481 28 28 30 3 -150 -45
65481 28 30 30 3 -150 -150
65480 29 30 30 3 -45 -150
65480 29 29 30 3 -45 -150
65481 30 29 30 3 -150 -150
65480 29 29 30 3 -150 -45
65481 29 29 30 3 -150 -150
65481 29 29 30 3 -150 -150
65480 29 30 30 3 -150 -150
65480 30 30 30 3 -45 -150
65481 30 28 30 3 -150 -150
65480 29 32 30 3 -150 -45
65480 29 29 30 3 -45 -150
65481 29 28 30 3 -150 -150
65481 30 28 30 3 -150 -45
65480 30 28 30 3 -150 -45
65481 31 28 30 3 -150 -45
65480 30 29 30 3 -150 -45
65481 29 29 30 3 -150 -45
65480 29 30 30 3 -150 -150
65481 29 31 30 3 -45 -150
65481 29 31 30 3 -45 -150
65479 29 31 30 3 -45 -150
65481 30 31 30 3 -45 -150
65481 30 30 30 3 -45 -150
65479 30 30 30 3 -150 -150
65481 30 30 30 0 -150 -150
65481 30 30 30 0 0 0
65480 30 30 30 0 0 0
65480 30 30 30 0 0 0
