
m3: c0
65482 24 24 30 0 0 0
65481 24 23 30 0 0 0
65481 24 23 30 0 0 0
65481 24 24 30 3 0 0
65482 25 24 30 3 -150 -150
65481 25 23 30 3 -150 -45
65480 25 24 30 3 -150 -45
65482 25 25 30 3 -150 -45
65481 25 25 30 3 -150 -150
65480 24 26 30 3 -150 -150
65482 25 26 30 3 -45 -150
65481 25 26 30 3 -45 -150
65481 25 26 30 3 -45 -150
65480 25 25 30 3 -45 -150
65482 25 25 30 3 -150 -150
65481 25 25 30 3 -150 -150
65480 25 25 30 3 -150 -150
65481 25 25 30 3 -150 -150
65482 25 24 30 3 -150 -150
65480 25 25 30 3 -150 -45
65481 25 24 30 3 -150 -150
65481 25 25 30 3 -150 -45
65482 25 26 30 3 -150 -150
65480 25 26 30 3 -45 -150
65481 26 25 30 3 -45 -150
65481 26 25 30 3 -150 -45
65480 26 25 30 3 -150 -45
65482 26 26 30 3 -150 -45
65481 26 26 30 3 -150 -150
65481 26 26 30 3 -150 -150
65480 26 26 30 3 -150 -150
65481 26 26 30 3 -150 -150
65481 26 26 30 3 -150 -150
65480 26 27 30 3 -150 -150
65482 27 27 30 3 -45 -150
65481 26 27 30 3 -150 -150
65481 27 26 30 3 -45 -150
65480 27 23 30 3 -150 -45
65481 27 27 30 3 -150 -45
65481 27 27 30 3 -150 -150
65481 27 5 30 3 -150 -150
65481 28 28 30 3 -150 -45
65481 28 29 30 3 -150 -150
65480 28 30 30 3 -45 -150
65481 29 31 30 3 -45 -150
65481 30 30 30 3 -45 -150
65481 30 22 30 3 -150 -150
65479 30 28 30 3 -150 -45
65481 31 27 30 3 -150 -45
65481 31 31 30 3 -150 -45
65480 31 31 30 3 -150 -150
65480 31 31 30 3 -150 -150
65481 31 32 30 3 -150 -150
65479 30 32 30 3 -45 -150
65481 30 31 30 3 -45 -150
65481 30 31 30 3 -45 -150
65480 30 30 30 3 -45 -150
65480 30 30 30 3 -150 -150
65481 31 31 30 3 -150 -150
65480 31 30 30 3 -150 -150
65480 30 30 30 3 -150 -45
65481 30 31 30 3 -150 -150
65480 30 30 30 3 -45 -150
65480 30 30 30 3 -150 -150
65481 30 30 30 3 -150 -150
65480 30 30 30 3 -150 -150
65481 30 30 30 3 -150 -150
65480 30 30 30 3 -150 -150
65480 30 29 30 3 -150 -150
65481 30 30 30 3 -150 -45
65480 30 30 30 3 -150 -150
65481 29 30 30 3 -150 -150
65480 30 30 30 3 -45 -150
65480 29 30 30 3 -150 -150
65481 29 30 30 3 -45 -150
65481 29 30 30 3 -45 -150
65479 30 29 30 3 -45 -150
65481 30 29 30 3 -150 -45
65481 29 28 30 3 -150 -45
65481 29 29 30 3 -150 -45
65480 29 29 30 3 -150 -150
65481 29 29 30 3 -150 -150
65480 29 29 30 3 -150 -150
65480 29 29 30 3 -150 -150
65481 29 29 30 3 -150 -150
65481 29 29 30 3 -150 -150
65480 29 29 30 3 -150 -150
65480 29 29 30 3 -150 -150
65481 29 28 30 3 -150 -150
65481 29 28 30 3 -150 -45
65480 29 28 30 3 -150 -45
65481 28 28 30 3 -150 -45
65481 28 30 30 3 -150 -150
65480 29 30 30 3 -45 -150
65480 29 29 30 3 -45 -150
65481 30 29 30 3 -150 -150
65480 29 29 30 3 -150 -45
65481 29 29 30 3 -150 -150
65481 29 29 30 3 -150 -150
65480 29 30 30 3 -150 -150
65480 30 30 30 3 -45 -150
65481 30 28 30 3 -150 -150
65480 29 32 30 3 -150 -45
65480 29 29 30 3 -45 -150
65481 29 28 30 3 -150 -150
65481 30 28 30 3 -150 -45
65480 30 28 30 3 -150 -45
65481 31 28 30 3 -150 -45
65480 30 29 30 3 -150 -45
65481 29 29 30 3 -150 -45
65480 29 30 30 3 -150 -150
65481 29 31 30 3 -45 -150
65481 29 31 30 3 -45 -150
65479 29 31 30 3 -45 -150
65481 30 31 30 3 -45 -150
65481 30 30 30 3 -45 -150
65479 30 30 30 3 -150 -150
65481 30 30 30 0 -150 -150
65481 30 30 30 0 0 0
65480 30 30 30 0 0 0
65480 30 30 30 0 0 0
end m3 c0

m3: c1
65481 30 30 30 0 0 0
65481 30 30 30 0 0 0
65481 30 30 30 0 0 0
65480 30 30 30 0 0 0
65481 30 31 30 3 0 0
65481 30 30 30 3 -100 -200
65479 31 30 30 3 -150 -150
65481 31 30 30 3 -200 -100
65481 30 30 30 3 -200 -100
65481 31 5 30 3 -150 -150
65480 30 30 30 3 -1450 1150
65481 31 32 30 3 -150 -150
65480 31 32 30 3 -100 -200
65480 31 33 30 3 -100 -200
65480 31 33 30 3 -50 -250
65481 31 32 30 3 -50 -250
65479 32 32 30 3 -100 -200
65482 32 6 30 3 -150 -150
65482 32 5 30 3 -1450 1150
65480 31 31 30 3 -1500 1200
65480 32 33 30 3 -150 -150
65480 32 34 30 3 -100 -200
65481 33 34 30 3 -50 -250
65479 33 34 30 3 -100 -200
65481 33 33 30 3 -100 -200
65480 33 32 30 3 -150 -150
65479 33 33 30 3 -200 -100
65481 33 35 30 3 -150 -150
65480 33 32 30 3 -50 -250
65479 33 31 30 3 -200 -100
65481 33 31 30 3 -250 -50
65480 33 33 30 3 -250 -50
65479 33 35 30 3 -150 -150
65481 34 36 30 3 -50 -250
65482 32 5 30 3 -50 -250
65482 32 0 30 3 -1500 1200
65481 33 4 30 3 -1750 1450
65480 34 36 30 3 -1600 1300
65480 36 38 30 3 -50 -250
65479 35 39 30 3 -50 -250
65480 37 39 30 3 50 -350
65480 36 38 30 3 -50 -250
65478 36 38 30 3 -50 -250
65480 37 38 30 3 -50 -250
65480 37 37 30 3 -100 -200
65479 37 37 30 3 -150 -150
65480 37 34 30 3 -150 -150
65480 38 37 30 3 -300 0
65479 37 34 30 3 -200 -100
65480 37 37 30 3 -300 0
65480 37 38 30 3 -150 -150
65479 38 38 30 3 -100 -200
65480 37 38 30 3 -150 -150
65480 37 38 30 3 -100 -200
65480 38 39 30 3 -100 -200
65478 38 39 30 3 -100 -200
65480 39 38 30 3 -100 -200
65480 38 38 30 3 -200 -100
65479 38 37 30 3 -150 -150
65479 39 38 30 3 -200 -100
65480 38 39 30 3 -200 -100
65479 38 39 30 3 -100 -200
65480 39 39 30 3 -100 -200
65479 39 39 30 3 -150 -150
65479 39 39 30 3 -150 -150
65480 39 39 30 3 -150 -150
65480 39 39 30 3 -150 -150
65478 39 39 30 3 -150 -150
65480 39 39 30 3 -150 -150
65480 39 39 30 3 -150 -150
65478 39 39 30 3 -150 -150
65480 39 39 30 3 -150 -150
65480 39 38 30 3 -150 -150
65478 39 39 30 3 -200 -100
65480 39 38 30 3 -150 -150
65480 39 39 30 3 -200 -100
65478 39 40 30 3 -150 -150
65480 39 40 30 3 -100 -200
65480 40 39 30 3 -100 -200
65478 39 40 30 0 -200 -100
65480 39 41 30 0 0 0
65480 40 40 30 0 0 0
65478 40 40 30 0 0 0
65480 40 41 30 0 0 0
65480 40 40 30 0 0 0
65479 40 39 30 0 0 0
end m3 c1


m3 c2
65480 40 40 30 0 0 0
65480 40 41 30 0 0 0
65479 40 41 30 0 0 0
65479 40 41 30 0 0 0
65480 40 40 30 0 0 0
65479 40 41 30 3 0 0
65480 40 40 30 3 -170 -230
65479 40 41 30 3 -177 -223
65479 40 41 30 3 -167 -233
65479 39 41 30 3 -144 -255
65480 40 40 30 3 -111 -255
65478 40 40 30 3 -145 -246
65480 40 36 30 3 -185 -206
65480 41 38 30 3 -255 -86
65479 40 35 30 3 -255 -24
65479 40 41 30 3 -255 60
65480 40 36 30 3 -255 -100
65479 41 42 30 3 -255 -73
65479 41 43 30 3 -232 -111
65479 42 44 30 3 -99 -244
65478 43 45 30 3 -73 -255
65480 42 45 30 3 -67 -255
65479 43 45 30 3 -60 -255
65478 43 45 30 3 -60 -255
65479 44 45 30 3 -60 -255
65479 44 39 30 3 -70 -240
65479 44 45 30 3 -255 -60
65479 44 44 30 3 -207 -88
65479 44 45 30 3 -114 -181
65478 44 44 30 3 -104 -191
65479 45 38 30 3 -111 -184
65480 44 38 30 3 -255 60
65478 44 44 30 3 -255 177
65479 44 39 30 3 -251 -5
65479 44 46 30 3 -255 60
65478 44 47 30 3 -171 -70
65479 45 49 30 3 5 -246
65479 46 50 30 3 64 -255
65478 46 50 30 3 96 -255
65479 46 49 30 3 108 -255
65478 47 48 30 3 90 -255
65478 47 43 30 3 60 -215
65479 47 46 30 3 -168 -60
65479 47 46 30 3 -190 -6
65478 47 46 30 3 -133 -63
65479 47 47 30 3 -136 -60
65479 47 47 30 3 -109 -87
65478 47 47 30 3 -89 -107
65478 47 48 30 3 -89 -107
65478 47 48 30 3 -60 -137
65479 47 47 30 3 -60 -160
65479 47 43 30 3 -63 -133
65478 47 44 30 3 -203 60
65479 47 47 30 3 -255 69
65479 47 47 30 3 -155 -60
65478 47 47 30 3 -95 -92
65478 47 48 30 3 -95 -92
65479 47 49 30 3 -65 -122
65478 48 49 30 3 -12 -175
65478 48 49 30 3 -16 -171
65479 48 44 30 3 -60 -154
65478 48 44 30 3 -180 -7
65479 48 49 30 3 -255 105
65479 48 50 30 3 -142 -60
65477 48 50 30 3 -9 -166
65479 48 50 30 3 60 -192
65479 49 50 30 3 60 -198
65477 49 50 30 3 -1 -174
65479 49 47 30 3 -18 -157
65478 49 45 30 3 -105 -70
65479 49 45 30 3 -231 60
65479 49 43 30 3 -255 108
65481 48 4 30 3 -255 180
65477 48 48 30 3 -255 255
65479 48 45 30 3 -255 255
65478 48 48 30 3 -173 60
65479 49 46 30 3 -152 60
65478 51 46 30 3 -182 60
65478 47 61 30 3 -255 166
65478 47 49 30 0 219 -255
65479 46 48 30 0 0 0
65478 47 48 30 0 0 0
65479 46 49 30 0 0 0
65479 46 49 30 0 0 0
65478 46 49 30 0 0 0
end m3 c2

