m4 c1:
                                                            
65481 31 32 30 0 0 0                                                            
65481 31 32 30 0 0 0                                                            
65480 31 32 30 0 0 0                                                            
65480 31 32 30 0 0 0                                                            
65481 31 32 30 0 0 0                                                            
65480 31 32 30 0 0 0                                                            
65480 31 33 30 0 0 0                                                            
65481 31 32 30 0 0 0                                                            
65480 31 32 30 0 0 0                                                            
65480 31 32 30 0 0 0                                                            
65481 31 32 30 0 0 0                                                            
65480 31 32 30 0 0 0                                                            
65480 31 32 30 4 0 0                                                            
65481 31 31 30 4 -133 -167                                                      
65481 31 31 30 4 -145 -155                                                      
65479 31 31 30 4 -145 -155                                                      
65481 31 30 30 4 -145 -155                                                      
65481 31 31 30 4 -157 -143                                                      
65479 31 31 30 4 -145 -155                                                      
65481 31 31 30 4 -145 -155                                                      
65480 31 29 30 4 -145 -155                                                      
65480 31 33 30 4 -170 -130                                                      
65481 31 30 30 4 -120 -180                                                      
65480 31 29 30 4 -157 -143                                                      
65481 31 31 30 4 -170 -130                                                      
65479 31 31 30 4 -145 -155                                                      
65481 32 30 30 4 -145 -155                                                      
65481 32 29 30 4 -165 -135                                                      
65479 32 28 30 4 -177 -123                                                      
65481 32 32 30 4 -190 -110                                                      
65480 32 32 30 4 -140 -160                                                      
65480 32 33 30 4 -140 -160                                                      
65480 32 32 30 4 -128 -172                                                      
65480 32 33 30 4 -140 -160                                                      
65480 33 33 30 4 -128 -172                                                      
65480 33 34 30 4 -135 -165                                                      
65480 33 34 30 4 -123 -177                                                      
65480 33 33 30 4 -123 -177                                                      
65480 33 33 30 4 -135 -165                                                      
65480 33 34 30 4 -135 -165                                                      
65481 33 33 30 4 -123 -177                                                      
65479 33 30 30 4 -135 -165                                                      
65481 33 31 30 4 -172 -128                                                      
65480 32 31 30 4 -160 -140                                                      
65480 33 33 30 4 -152 -148                                                      
65480 33 33 30 4 -135 -165                                                      
65480 32 33 30 4 -135 -165                                                      
65480 33 33 30 4 -128 -172                                                      
65480 33 33 30 4 -135 -165                                                      
65481 33 31 30 4 -135 -165                                                      
65479 32 31 30 4 -160 -140                                                      
65481 32 31 30 4 -152 -148                                                      
65480 32 31 30 4 -152 -148                                                      
65481 32 30 30 4 -152 -148                                                      
65479 32 30 30 4 -165 -135                                                      
65481 32 31 30 4 -165 -135                                                      
65480 32 30 30 4 -152 -148                                                      
65480 32 31 30 4 -165 -135                                                      
65480 31 29 30 4 -152 -148                                                      
65481 31 30 30 4 -170 -130                                                      
65480 31 32 30 4 -157 -143                                                      
65480 31 31 30 4 -133 -167                                                      
65481 31 30 30 4 -145 -155                                                      
65479 31 29 30 4 -157 -143                                                      
65481 31 30 30 4 -170 -130                                                      
65481 31 31 30 4 -157 -143                                                      
65480 31 30 30 4 -145 -155                                                      
65480 31 30 30 4 -157 -143                                                      
65480 31 30 30 4 -157 -143                                                      
65481 30 30 30 4 -157 -143                                                      
65480 30 31 30 4 -150 -150                                                      
65480 30 30 30 4 -138 -162                                                      
65481 30 31 30 4 -150 -150                                                      
65480 31 31 30 4 -138 -162                                                      
65480 30 30 30 4 -145 -155                                                      
65481 30 29 30 4 -150 -150                                                      
65481 30 30 30 4 -162 -138                                                      
65479 30 30 30 4 -150 -150                                                      
65481 30 30 30 4 -150 -150                                                      
65481 30 30 30 4 -150 -150                                                      
65479 30 29 50 4 -150 -150                                                      
65481 30 29 50 4 -262 -60                                                       
65481 30 27 50 4 -262 -60                                                       
65480 29 30 50 4 -287 -60                                                       
65480 29 31 50 4 -242 -60                                                       
65481 30 31 50 4 -230 -70                                                       
65480 31 33 50 4 -237 -63                                                       
65480 31 34 50 4 -220 -80                                                       
65480 32 36 50 4 -207 -93                                                       
65481 33 36 50 4 -190 -110                                                      
65478 34 39 50 4 -197 -103                                                      
65480 36 43 50 4 -167 -133                                                      
65480 37 43 50 4 -133 -167                                                      
65478 39 43 50 4 -140 -160                                                      
65477 92 43 50 4 -155 -145                                                      
65478 42 43 50 4 -552 252                                                       
65479 43 45 50 4 -177 -123                                                      
65479 42 47 50 4 -160 -140                                                      
65478 42 49 50 4 -128 -172                                                      
65479 43 49 50 4 -103 -197                                                      
65479 44 52 50 4 -110 -190                                                      
65477 45 52 50 4 -80 -220                                                       
65479 45 52 50 4 -88 -212                                                       
65479 45 53 50 4 -88 -212                                                       
65477 46 53 50 4 -75 -225                                                       
65479 47 53 50 4 -83 -217                                                       
65478 47 52 50 4 -90 -210                                                       
65478 49 53 50 4 -103 -197                                                      
65478 49 53 50 4 -105 -195                                                      
65478 49 52 50 4 -105 -195                                                      
65478 50 53 50 4 -118 -182                                                      
65478 50 53 50 4 -113 -187                                                      
65477 51 53 50 4 -113 -187                                                      
65478 51 53 50 4 -120 -180                                                      
65479 52 53 50 4 -120 -180                                                      
65477 52 53 50 4 -128 -172                                                      
65478 52 52 50 4 -128 -172                                                      
65478 52 52 50 4 -140 -160                                                      
65477 52 53 50 4 -140 -160                                                      
65479 52 52 50 4 -128 -172                                                      
65478 53 53 50 4 -140 -160                                                      
65477 53 52 50 4 -135 -165                                                      
65478 52 53 50 4 -148 -152                                                      
65477 53 52 50 4 -128 -172                                                      
65479 53 51 50 4 -148 -152                                                      
65478 53 51 50 4 -160 -140                                                      
65477 52 52 50 4 -160 -140                                                      
65478 53 52 50 4 -140 -160                                                      
65478 53 52 50 4 -148 -152                                                      
65478 53 52 50 4 -148 -152                                                      
65478 52 51 50 4 -148 -152                                                      
65478 53 52 50 4 -152 -148                                                      
65477 52 52 50 4 -148 -152                                                      
65479 52 51 50 4 -140 -160                                                      
65477 52 50 50 4 -152 -148                                                      
65478 52 51 50 4 -165 -135                                                      
65479 52 51 50 4 -152 -148                                                      
65477 52 53 50 4 -152 -148                                                      
65478 51 52 50 4 -128 -172                                                      
65481 51 7 50 4 -133 -167                                                       
65477 51 49 50 4 -695 395                                                       
65479 51 48 50 4 -170 -130                                                      
65478 52 49 50 4 -182 -118                                                      
65478 53 48 50 4 -177 -123                                                      
65478 52 50 50 4 -197 -103                                                      
65478 53 55 50 4 -165 -135                                                      
65477 54 55 50 4 -110 -190                                                      
65478 54 55 50 4 -118 -182                                                      
65477 55 56 50 4 -118 -182                                                      
65478 55 55 50 4 -113 -187                                                      
65478 54 56 50 4 -125 -175                                                      
65477 54 55 50 4 -105 -195                                                      
65478 55 55 50 4 -118 -182                                                      
65478 55 55 50 4 -125 -175                                                      
65476 55 55 50 4 -125 -175                                                      
65478 55 55 50 4 -125 -175                                                      
65478 55 55 50 4 -125 -175                                                      
65477 55 55 50 4 -125 -175                                                      
65478 55 54 50 4 -125 -175                                                      
65477 56 54 50 4 -138 -162                                                      
65478 55 54 50 4 -145 -155                                                      
65478 55 53 50 4 -138 -162                                                      
65477 55 53 50 4 -150 -150                                                      
65478 54 52 50 4 -150 -150                                                      
65478 54 52 50 4 -155 -145                                                      
65477 54 52 50 4 -155 -145                                                      
65478 54 52 50 4 -155 -145                                                      
65478 54 51 50 4 -155 -145                                                      
65478 53 51 50 4 -167 -133                                                      
65478 53 51 50 4 -160 -140                                                      
65477 52 51 50 4 -160 -140                                                      
65479 52 50 50 4 -152 -148                                                      
65478 52 50 50 4 -165 -135                                                      
65478 51 49 50 4 -165 -135                                                      
65478 51 49 50 4 -170 -130                                                      
65478 51 49 50 4 -170 -130                                                      
65478 51 48 50 4 -170 -130                                                      
65479 50 49 50 4 -182 -118                                                      
65478 50 49 50 4 -162 -138                                                      
65478 50 48 50 4 -162 -138                                                      
65478 50 48 50 4 -175 -125                                                      
65478 50 48 50 4 -175 -125                                                      
65478 50 49 30 4 -175 -125                                                      
65479 49 49 30 4 -63 -237                                                       
65477 50 49 30 4 -60 -245                                                       
65479 49 48 30 4 -63 -237                                                       
65479 50 48 30 4 -68 -232                                                       
65477 49 48 30 4 -75 -225                                                       
65479 49 46 30 4 -68 -232                                                       
65479 49 45 30 4 -93 -207                                                       
65478 48 45 30 4 -105 -195                                                      
65478 48 46 30 4 -98 -202                                                       
65479 48 46 30 4 -85 -215                                                       
65478 48 43 30 4 -85 -215                                                       
65479 48 42 30 4 -123 -177                                                      
65477 46 90 30 4 -135 -165                                                      
65473 45 127 30 4 480 -780                                                      
65475 46 127 30 4 950 -1250                                                     
65473 47 124 30 4 942 -1242                                                     
65470 119 123 30 4 897 -1197                                                    
65470 119 122 30 4 345 -645                                                     
65469 121 121 30 4 332 -632                                                     
65471 122 120 30 4 305 -605                                                     
65470 111 120 30 4 285 -585                                                     
65471 111 121 30 4 367 -667                                                     
65470 115 108 30 4 380 -680                                                     
65471 129 107 30 4 187 -487                                                     
65469 130 115 30 4 70 -370                                                      
65467 0 112 30 4 162 -462                                                       
65465 0 116 30 4 1100 -1400                                                     
65469 0 63 30 4 1150 -1450                                                      
65469 0 61 30 4 487 -787                                                        
65476 64 60 30 4 462 -762                                                       
65479 44 58 30 4 -60 -270                                                       
65477 66 58 30 4 95 -395                                                        
65476 73 56 30 4 -70 -230                                                       
65477 67 54 30 4 -148 -152                                                      
65477 62 62 30 4 -128 -172                                                      
65471 145 71 30 4 60 -310                                                       
65477 70 62 30 4 -500 200                                                       
65477 61 42 30 4 -60 -250                                                       
65479 61 42 30 4 -232 -68                                                       
65477 62 62 30 4 -232 -68                                                       
65477 60 43 30 4 60 -310                                                        
65479 54 43 30 4 -212 -88                                                       
65477 64 42 30 4 -167 -133                                                      
65471 172 51 30 4 -255 -60                                                      
65479 54 43 30 4 -952 652                                                       
65477 54 54 30 4 -167 -133                                                      
65478 55 55 30 4 -60 -270                                                       
65472 137 56 30 4 -60 -275                                                      
65478 54 60 30 4 -627 327                                                       
65469 131 127 30 4 60 -345                                                      
65469 139 129 30 4 305 -605                                                     
65468 131 128 30 4 270 -570                                                     
65475 52 120 30 4 317 -617                                                      
65478 45 46 30 4 810 -1110                                                      
65479 46 45 30 4 -63 -237                                                       
65478 59 44 30 4 -83 -217                                                       
65477 58 44 30 4 -192 -108                                                      
65479 46 44 30 4 -185 -115                                                      
65479 47 44 30 4 -95 -205                                                       
65478 54 43 30 4 -103 -197                                                      
65479 56 43 30 4 -167 -133                                                      
65479 44 43 30 4 -182 -118                                                      
65478 44 44 30 4 -93 -207                                                       
65479 45 46 30 4 -80 -220                                                       
65479 44 45 30 4 -63 -237                                                       
65478 45 49 30 4 -68 -232                                                       
65479 44 47 30 4 -60 -275                                                       
65479 43 44 30 4 -60 -257                                                       
65478 43 44 30 4 -73 -227                                                       
65479 43 43 30 4 -73 -227                                                       
65475 43 114 30 4 -85 -215                                                      
65474 138 44 30 4 802 -1102                                                     
65474 140 42 30 4 -785 485                                                      
65472 140 41 30 4 -825 525                                                      
65480 45 41 30 4 -837 537                                                       
65477 70 41 30 4 -125 -175                                                      
65479 44 42 30 4 -312 60                                                        
65479 42 42 30 4 -105 -195                                                      
65475 42 102 30 4 -90 -210                                                      
65479 42 43 30 4 660 -960                                                       
65480 43 43 30 4 -78 -222                                                       
65472 145 43 30 4 -85 -215                                                      
65475 43 120 30 4 -850 550                                                      
65478 43 43 30 4 877 -1177                                                      
65480 45 43 30 4 -85 -215                                                       
65473 149 43 30 4 -100 -200                                                     
65472 146 45 30 4 -880 580                                                      
65479 44 47 30 4 -832 532                                                       
65478 43 47 30 4 -60 -257                                                       
65479 45 45 30 4 -60 -265                                                       
65467 151 138 30 4 -75 -225                                                     
65479 43 48 30 4 292 -592                                                       
65479 44 48 30 4 -60 -277                                                       
65475 43 113 30 4 -60 -270                                                      
65479 44 46 30 4 790 -1090                                                      
65479 44 44 30 4 -60 -245                                                       
65478 44 45 30 4 -80 -220                                                       
65474 44 128 30 4 -68 -232                                                      
65474 43 128 30 4 970 -1270                                                     
65479 45 45 30 4 977 -1277                                                      
65479 47 44 30 4 -75 -225                                                       
65472 148 43 30 4 -103 -197                                                     
65479 46 44 30 4 -872 572                                                       
65475 44 99 30 4 -95 -205                                                       
65479 44 43 30 4 607 -907                                                       
65479 45 43 30 4 -93 -207                                                       
65479 45 43 30 4 -100 -200                                                      
65479 47 43 30 4 -100 -200                                                      
65479 45 41 30 4 -115 -185                                                      
65478 45 42 30 4 -125 -175                                                      
65479 47 42 30 4 -113 -187                                                      
65479 45 43 30 4 -128 -172                                                      
65479 45 41 30 4 -100 -200                                                      
65473 151 42 30 4 -125 -175                                                     
65472 151 42 30 4 -907 607                                                      
65473 153 39 30 4 -907 607                                                      
65480 41 40 30 4 -960 660                                                       
65478 40 43 30 4 -108 -192                                                      
65480 42 41 30 4 -63 -237                                                       
65479 42 41 30 4 -103 -197                                                      
65479 40 41 30 4 -103 -197                                                      
65479 42 43 30 4 -88 -212                                                       
65476 43 104 30 4 -78 -222                                                      
65478 40 42 30 4 677 -977                                                       
65480 41 41 30 4 -75 -225                                                       
65478 41 40 30 4 -95 -205                                                       
65480 41 39 30 4 -108 -192                                                      
65480 40 38 30 4 -120 -180                                                      
65470 156 67 30 4 -125 -175                                                     
65478 42 65 30 4 -632 332                                                       
65478 41 65 30 4 197 -497                                                       
65477 45 65 30 4 205 -505                                                       
65465 157 188 30 4 175 -475                                                     
65472 157 38 30 4 872 -1172                                                     
65476 42 111 30 4 -1002 702                                                     
65478 43 38 30 4 772 -1072                                                      
65473 159 34 30 4 -148 -152                                                     
65481 34 33 30 4 -1067 767                                                      
65465 157 155 30 4 -143 -157                                                    
65466 158 155 30 4 460 -760                                                     
65466 158 155 30 4 452 -752                                                     
65466 158 154 30 4 452 -752                                                     
65465 160 154 30 4 440 -740                                                     
65467 161 155 30 4 425 -725                                                     
65474 102 54 30 4 430 -730                                                      
65475 97 62 30 4 -390 90                                                        
65473 96 77 30 4 -252 -60                                                       
65467 167 157 30 4 -60 -242                                                     
65469 167 84 30 4 410 -710                                                      
65470 182 69 30 4 -502 202                                                      
65473 97 77 30 4 -802 502                                                       
65465 181 131 30 4 -65 -235                                                     
65475 97 77 30 4 -60 -280                                                       
65471 182 37 30 4 -65 -235                                                      
65476 99 38 30 4 -1202 902                                                      
65472 181 38 30 4 -567 267                                                      
65471 181 36 30 4 -1182 882                                                     
65479 39 39 30 4 -1207 907                                                      
65479 39 38 30 4 -105 -195                                                      
65479 46 38 30 4 -118 -182                                                      
65475 37 141 30 4 -170 -130                                                     
65478 41 39 30 4 1185 -1485                                                     
65480 40 27 30 4 -120 -180                                                      
65473 37 143 30 4 -262 -60                                                      
65480 38 39 30 4 1210 -1510                                                     
65471 186 39 30 4 -98 -202                                                      
65479 38 42 30 4 -1207 907                                                      
65480 40 40 30 4 -60 -240                                                       
65475 126 38 30 4 -100 -200                                                     
65478 36 38 30 4 -770 470                                                       
65480 36 46 30 4 -95 -205                                                       
65480 36 38 30 4 5 -305                                                         
65479 37 36 30 4 -95 -205                                                       
65476 104 40 30 4 -128 -172                                                     
65479 38 35 30 4 -580 280                                                       
65476 105 36 30 4 -148 -152                                                     
65475 42 130 30 4 -637 337                                                      
65470 184 37 30 4 1010 -1310                                                    
65476 105 34 30 4 -1217 917                                                     
65471 183 33 30 4 -662 362                                                      
65474 100 80 30 4 -1260 960                                                     
65473 100 79 30 4 -60 -250                                                      
65473 99 106 30 4 -63 -237                                                      
65472 99 105 30 4 282 -582                                                      
65472 98 104 30 4 270 -570                                                      
65472 97 103 30 4 265 -565                                                      
65473 98 102 30 4 260 -560                                                      
65472 96 99 30 4 240 -540                                                       
65473 95 99 30 4 217 -517                                                       
65473 95 99 30 4 225 -525                                                       
65473 95 98 30 4 225 -525                                                       
65472 95 99 30 4 212 -512                                                       
65474 94 98 30 4 225 -525                                                       
65472 93 96 30 4 220 -520                                                       
65474 92 95 30 4 202 -502                                                       
65473 90 93 30 4 197 -497                                                       
65474 87 91 30 4 187 -487                                                       
65474 85 89 30 4 185 -485                                                       
65474 84 87 30 4 175 -475                                                       
65475 80 83 30 4 157 -457                                                       
65474 78 80 30 4 137 -437                                                       
65475 75 78 30 4 115 -415                                                       
65475 73 75 30 4 112 -412                                                       
65476 71 73 30 4 90 -390                                                        
65476 70 71 30 4 80 -380                                                        
65476 68 69 30 4 62 -362                                                        
65476 67 68 30 4 60 -352                                                        
65476 65 66 30 4 60 -347                                                        
65477 64 65 30 4 60 -337                                                        
65477 63 63 30 4 60 -332                                                        
65476 62 62 30 4 60 -315                                                        
65477 61 61 30 4 60 -310                                                        
65477 60 60 30 4 5 -305                                                         
65477 60 60 30 4 0 -300                                                         
65478 59 59 30 4 0 -300                                                         
65476 59 59 30 4 -5 -295                                                        
65478 61 59 30 4 -5 -295                                                        
65476 63 59 30 4 -60 -280                                                       
65477 65 59 30 4 -60 -265                                                       
65477 65 59 30 4 -60 -250                                                       
65476 66 65 30 4 -60 -250                                                       
65477 66 65 30 4 60 -317                                                        
65476 68 66 30 4 60 -317                                                        
65476 71 67 30 4 60 -315                                                        
65476 72 67 30 4 5 -305                                                         
65476 71 66 30 4 -3 -297                                                        
65476 72 67 30 4 -60 -292                                                       
65475 73 66 30 4 -3 -297                                                        
65477 73 66 30 4 -60 -277                                                       
65476 71 65 30 4 -60 -277                                                       
65476 70 64 30 4 -60 -280                                                       
65477 69 63 30 4 -60 -275                                                       
65475 68 63 30 4 -60 -270                                                       
65477 67 62 30 4 -60 -277                                                       
65477 67 62 30 4 -60 -272                                                       
65476 67 62 30 4 -60 -272                                                       
65477 65 61 30 4 -60 -272                                                       
65477 64 61 30 4 -60 -275                                                       
65476 64 60 30 4 -60 -282                                                       
65477 63 60 30 4 -60 -270                                                       
65477 62 60 30 4 -60 -277                                                       
65477 62 60 30 4 -60 -285                                                       
65477 61 59 30 4 -60 -285                                                       
65477 60 59 30 4 -60 -280                                                       
65477 60 58 30 4 -60 -287                                                       
65477 58 57 30 4 -60 -275                                                       
65478 57 56 30 4 -60 -277                                                       
65477 57 55 30 4 -60 -272                                                       
65477 56 54 30 4 -60 -260                                                       
65478 56 53 30 4 -60 -255                                                       
65478 56 53 30 4 -60 -242                                                       
65477 57 53 30 4 -60 -242                                                       
65478 58 54 30 4 -65 -235                                                       
65477 59 55 30 4 -60 -240                                                       
65477 60 56 30 4 -60 -245                                                       
65478 62 57 30 4 -60 -250                                                       
65476 63 58 30 4 -60 -247                                                       
65477 64 59 30 4 -60 -252                                                       
65478 65 60 30 4 -60 -257                                                       
65475 67 61 30 4 -60 -262                                                       
65477 68 63 30 4 -60 -260                                                       
65476 69 64 30 4 -60 -277                                                       
65476 71 64 30 4 -60 -282                                                       
65477 71 65 30 4 -60 -267                                                       
65475 71 65 30 4 -60 -280                                                       
65477 72 66 30 4 -60 -280                                                       
65475 72 66 30 4 -60 -285                                                       
65476 74 67 30 4 -60 -285                                                       
65477 74 67 30 4 -60 -282                                                       
65475 74 68 30 4 -60 -282                                                       
65476 74 69 30 4 -5 -295                                                        
65475 75 68 30 4 60 -307                                                        
65476 74 68 30 4 -60 -287                                                       
65475 76 69 30 4 -5 -295                                                        
65476 75 71 30 4 -60 -292                                                       
65472 75 146 30 4 60 -325                                                       
65470 76 148 30 4 962 -1262                                                     
65471 77 148 30 4 980 -1280                                                     
65476 77 71 30 4 972 -1272                                                      
65471 78 149 30 4 60 -310                                                       
65470 80 148 30 4 977 -1277                                                     
65470 79 150 30 4 950 -1250                                                     
65472 78 148 30 4 982 -1282                                                     
65470 79 149 30 4 965 -1265                                                     
65471 80 149 30 4 970 -1270                                                     
65470 80 149 30 4 962 -1262                                                     
65472 79 148 30 4 962 -1262                                                     
65470 80 149 30 4 957 -1257                                                     
65471 79 150 30 4 962 -1262                                                     
65470 78 151 30 4 982 -1282                                                     
65472 79 148 30 4 1002 -1302                                                    
65470 79 150 30 4 957 -1257                                                     
65471 78 148 30 4 982 -1282                                                     
65475 78 71 30 4 965 -1265                                                      
65471 78 149 30 4 2 -302                                                        
65471 78 150 30 4 977 -1277                                                     
65475 77 70 30 4 990 -1290                                                      
65471 77 148 30 4 -3 -297                                                       
65476 77 71 30 4 972 -1272                                                      
65475 77 70 30 4 60 -310                                                        
65475 76 71 30 4 -3 -297                                                        
65476 76 69 30 4 60 -317                                                        
65475 77 69 30 4 -60 -292                                                       
65476 76 72 30 4 -60 -285                                                       
65475 76 69 30 4 60 -330                                                        
65476 77 69 30 4 -60 -292                                                       
65475 75 69 30 4 -60 -285                                                       
65476 76 68 30 4 0 -300                                                         
65476 76 69 30 4 -60 -280                                                       
65475 74 69 30 4 -60 -292                                                       
65476 75 70 30 4 60 -307                                                        
65475 76 69 30 4 60 -312                                                        
65476 75 70 30 4 -60 -292                                                       
65476 75 68 30 4 60 -312                                                        
65476 74 67 30 4 -60 -287                                                       
65476 74 68 30 4 -60 -282                                                       
65475 73 67 30 4 -5 -295                                                        
65476 72 66 30 4 -60 -290                                                       
65476 70 65 30 4 -60 -285                                                       
65477 69 64 30 4 -60 -287                                                       
65477 66 62 30 4 -60 -282                                                       
65476 65 60 30 4 -60 -280                                                       
65477 62 58 30 4 -60 -262                                                       
65478 59 56 30 4 -60 -260                                                       
65477 55 52 30 4 -60 -257                                                       
65478 51 49 30 4 -63 -237                                                       
65478 47 45 30 4 -70 -230                                                       
65480 43 41 30 4 -90 -210                                                       
65480 39 37 30 4 -110 -190                                                      
65480 34 33 30 4 -130 -170                                                      
65480 29 29 30 4 -143 -157                                                      
65481 26 27 30 4 -155 -145                                                      
65481 24 24 30 4 -157 -143                                                      
65481 21 21 30 4 -180 -120                                                      
65482 19 19 30 4 -195 -105                                                      
65482 18 17 30 4 -205 -95                                                       
65482 17 17 30 4 -222 -78                                                       
65481 15 16 30 4 -215 -85                                                       
65483 15 14 30 4 -212 -88                                                       
65482 14 14 30 4 -237 -63                                                       
65482 13 6 30 4 -230 -70                                                        
65483 13 13 30 4 -322 60                                                        
65483 12 12 30 4 -235 -65                                                       
65482 12 12 30 4 -240 -60                                                       
65482 13 12 30 4 -240 -60                                                       
65483 12 6 30 4 -247 -60                                                        
65483 12 12 30 4 -315 60                                                        
65483 12 8 30 4 -240 -60                                                        
                                                                                
